-0.450737 0.892655 0.001626 -0.341218 -0.892653 -0.450740 0.002231 -0.295089 0.002724 -0.000446 0.999996 -0.005481
-0.541732 0.840517 0.007564 -0.399254 -0.840530 -0.541760 0.002171 -0.399702 0.005923 -0.005181 0.999969 -0.004717
-0.593172 0.805073 0.002167 -0.471196 -0.805075 -0.593165 -0.003041 -0.498399 -0.001163 -0.003548 0.999993 -0.004359
-0.610689 0.791868 0.001961 -0.546897 -0.791867 -0.610692 0.001503 -0.594699 0.002388 -0.000635 0.999997 -0.004210
-0.648603 0.761119 0.003535 -0.630682 -0.761116 -0.648612 0.002424 -0.693657 0.004138 -0.001119 0.999991 -0.003777
-0.638495 0.769626 0.000309 -0.696339 -0.769608 -0.638483 0.006542 -0.770135 0.005233 0.003939 0.999979 -0.003209
-0.610893 0.791703 -0.003870 -0.790543 -0.791713 -0.610889 0.002466 -0.885936 -0.000412 0.004570 0.999989 -0.003033
-0.579778 0.814774 0.000674 -0.869045 -0.814775 -0.579778 -0.000436 -0.989049 0.000035 -0.000802 1.000000 -0.003087
-0.523755 0.851867 -0.001855 -0.940462 -0.851865 -0.523758 -0.002016 -1.095946 -0.002689 0.000524 0.999996 -0.003151
-0.492466 0.870331 0.001052 -1.006014 -0.870329 -0.492467 0.001876 -1.207230 0.002151 0.000009 0.999998 -0.003515
-0.456655 0.889587 0.010064 -1.065923 -0.889586 -0.456725 0.006225 -1.315910 0.010134 -0.006111 0.999930 -0.002397
-0.407959 0.912970 0.007458 -1.106171 -0.912975 -0.407995 0.004170 -1.402345 0.006850 -0.005108 0.999963 -0.001577
-0.405847 0.913921 0.006089 -1.131667 -0.913929 -0.405867 0.002299 -1.458709 0.004572 -0.004632 0.999979 -0.001225
-0.408631 0.912689 0.004472 -1.155271 -0.912691 -0.408643 0.002265 -1.511039 0.003895 -0.003156 0.999987 -0.000982
-0.424212 0.905561 -0.001825 -1.207534 -0.905556 -0.424201 0.004710 -1.622277 0.003491 0.003651 0.999987 -0.000693
-0.450924 0.892561 0.001656 -1.262738 -0.892540 -0.450925 0.006275 -1.731728 0.006348 0.001351 0.999979 -0.000075
-0.454965 0.890509 0.000354 -1.323200 -0.890506 -0.454965 0.002297 -1.846417 0.002206 0.000730 0.999997 0.000456
-0.390069 0.920782 -0.002406 -1.377823 -0.920785 -0.390067 0.001540 -1.958924 0.000480 0.002817 0.999996 0.000607
-0.269928 0.962879 -0.001686 -1.417689 -0.962879 -0.269930 -0.001166 -2.076021 -0.001578 0.001309 0.999998 0.000548
-0.087426 0.996168 -0.002603 -1.440930 -0.996140 -0.087443 -0.007607 -2.204160 -0.007805 0.001928 0.999968 0.000050
0.161953 0.986798 0.000430 -1.437427 -0.986793 0.161954 -0.003388 -2.328282 -0.003412 0.000124 0.999994 -0.000716
0.408948 0.912459 -0.013430 -1.403355 -0.911892 0.409167 0.032179 -2.444866 0.034857 -0.000913 0.999392 -0.000004
0.643007 0.765557 -0.021544 -1.339607 -0.764726 0.643331 0.036322 -2.544075 0.041666 -0.006880 0.999108 0.004325
0.826175 0.563374 0.006660 -1.247743 -0.563205 0.825491 0.036936 -2.624039 0.015311 -0.034266 0.999295 0.007376
0.912535 0.408958 0.005713 -1.141884 -0.408874 0.911825 0.037380 -2.679209 0.010077 -0.036447 0.999285 0.008963
0.966719 0.254105 0.029764 -1.022620 -0.254745 0.966799 0.020127 -2.718506 -0.023662 -0.027040 0.999354 0.007004
0.984871 0.173283 0.001356 -0.898361 -0.173283 0.984872 0.000173 -2.741572 -0.001306 -0.000405 0.999999 0.004981
0.992329 0.123266 0.009416 -0.771225 -0.123276 0.992372 0.000496 -2.758901 -0.009283 -0.001653 0.999956 0.004361
0.991543 0.128804 0.015899 -0.646970 -0.128844 0.991664 0.001551 -2.774993 -0.015567 -0.003586 0.999872 0.002931
0.987829 0.155205 0.010245 -0.545977 -0.155276 0.987849 0.006613 -2.789980 -0.009094 -0.008123 0.999926 0.001709
0.966829 0.255418 0.001788 -0.433514 -0.255424 0.966794 0.008192 -2.815014 0.000363 -0.008377 0.999965 0.001181
0.948288 0.317336 0.006930 -0.311238 -0.317391 0.948248 0.009437 -2.854780 -0.003577 -0.011148 0.999931 0.000930
0.967859 0.251273 0.010507 -0.189023 -0.251311 0.967903 0.002419 -2.890508 -0.009562 -0.004981 0.999942 0.000497
0.986994 0.160607 0.006888 -0.064694 -0.160622 0.987014 0.001754 -2.916744 -0.006517 -0.002837 0.999975 -0.000493
0.999789 0.020118 0.004236 0.063275 -0.020140 0.999783 0.005378 -2.928095 -0.004127 -0.005462 0.999977 -0.001283
0.988547 -0.150878 -0.003248 0.191062 0.150891 0.988541 0.004375 -2.917935 0.002550 -0.004815 0.999985 -0.001387
0.942369 -0.334519 0.006095 0.310825 0.334491 0.942385 0.005092 -2.886912 -0.007447 -0.002760 0.999968 -0.001636
0.836627 -0.547769 0.001892 0.422117 0.547772 0.836627 -0.001442 -2.832058 -0.000793 0.002243 0.999997 -0.002355
0.716572 -0.697512 0.001478 0.515997 0.697510 0.716573 0.001720 -2.754370 -0.002259 -0.000202 0.999997 -0.002511
0.581199 -0.813755 -0.003268 0.599164 0.813761 0.581188 0.003763 -2.655757 -0.001163 -0.004846 0.999988 -0.002559
0.488107 -0.872782 0.001783 0.665670 0.872784 0.488106 -0.000918 -2.546149 -0.000070 0.002004 0.999998 -0.002684
0.443174 -0.896432 -0.002507 0.724136 0.896435 0.443175 0.000277 -2.433255 0.000863 -0.002370 0.999997 -0.002634
0.432232 -0.901757 -0.003089 0.780940 0.901762 0.432225 0.002659 -2.318237 -0.001063 -0.003934 0.999992 -0.002999
0.506756 -0.862088 0.001500 0.841339 0.862089 0.506756 -0.000900 -2.203410 0.000015 0.001749 0.999998 -0.002997
0.642983 -0.765872 -0.003710 0.914850 0.765830 0.642988 -0.008356 -2.103451 0.008785 0.002531 0.999958 -0.002236
0.743567 -0.668638 0.005607 1.004633 0.668661 0.743553 -0.004658 -2.012763 -0.001054 0.007213 0.999973 -0.001546
0.836720 -0.547566 0.008382 1.107649 0.547603 0.836734 -0.002726 -1.937733 -0.005521 0.006871 0.999961 -0.001898
0.897362 -0.441257 0.005757 1.220860 0.441290 0.897335 -0.007313 -1.875905 -0.001939 0.009103 0.999957 -0.002604
0.946334 -0.323185 -0.001547 1.334344 0.323180 0.946333 -0.002788 -1.831537 0.002365 0.002138 0.999995 -0.002289
0.977722 -0.209903 0.000088 1.462687 0.209903 0.977722 -0.000038 -1.800289 -0.000078 0.000056 1.000000 -0.002308
0.996895 -0.078594 -0.004866 1.587383 0.078576 0.996901 -0.003698 -1.785869 0.005141 0.003304 0.999981 -0.001751
0.998959 0.045600 -0.000928 1.715937 -0.045604 0.998952 -0.003788 -1.786549 0.000754 0.003827 0.999992 -0.001392
0.990145 0.139970 -0.004545 1.838092 -0.139991 0.990142 -0.004669 -1.801845 0.003847 0.005259 0.999979 -0.000876
0.970256 0.242070 -0.002239 1.968167 -0.242080 0.970193 -0.011094 -1.830536 -0.000514 0.011306 0.999936 -0.000639
0.943324 0.331873 -0.000822 2.088137 -0.331864 0.943272 -0.010201 -1.869291 -0.002610 0.009895 0.999948 -0.000944
0.915913 0.401352 0.004404 2.208929 -0.401263 0.915860 -0.013740 -1.920321 -0.009548 0.010818 0.999896 -0.001703
0.885444 0.464730 -0.003822 2.318154 -0.464742 0.885440 -0.003401 -1.976119 0.001803 0.004788 0.999987 -0.002264
0.883339 0.468728 -0.002224 2.429359 -0.468732 0.883311 -0.007218 -2.035925 -0.001419 0.007419 0.999971 -0.002271
0.882298 0.470692 -0.000048 2.530792 -0.470687 0.882287 -0.004847 -2.090662 -0.002239 0.004299 0.999988 -0.002546
0.891621 0.452783 0.000435 2.615442 -0.452780 0.891617 -0.003055 -2.135731 -0.001772 0.002527 0.999995 -0.002772
0.899153 0.437634 -0.000370 2.653763 -0.437634 0.899150 -0.002580 -2.155167 -0.000796 0.002482 0.999997 -0.002819
0.899153 0.437634 -0.000370 2.653790 -0.437634 0.899150 -0.002580 -2.155157 -0.000796 0.002482 0.999997 -0.002819
0.899153 0.437634 -0.000370 2.653790 -0.437634 0.899150 -0.002580 -2.155157 -0.000796 0.002482 0.999997 -0.002819
0.899175 0.437589 -0.000748 2.653791 -0.437589 0.899173 -0.002092 -2.155164 -0.000243 0.002208 0.999998 -0.002819
0.899189 0.437557 -0.001814 2.653793 -0.437559 0.899189 -0.000819 -2.155168 0.001273 0.001530 0.999998 -0.002819
0.899189 0.437557 -0.001814 2.653793 -0.437559 0.899189 -0.000819 -2.155168 0.001273 0.001530 0.999998 -0.002819
0.897984 0.437764 0.044592 2.641328 -0.437388 0.899085 -0.018381 -2.150649 -0.048138 -0.002998 0.998836 -0.002418
0.908898 0.416813 0.013088 2.636429 -0.416592 0.908940 -0.016672 -2.149123 -0.018846 0.009701 0.999775 -0.002167
0.162458 0.986309 0.028306 2.637204 -0.985565 0.160817 0.052915 -2.151617 0.047638 -0.036494 0.998198 -0.002216
-0.588096 0.808564 0.019180 2.637204 -0.807992 -0.588403 0.030489 -2.151617 0.035938 0.002433 0.999351 -0.002216
-0.944471 0.266077 0.192816 2.637204 -0.260933 -0.963951 0.052076 -2.151617 0.199722 -0.001127 0.979852 -0.002216
-0.943894 0.055090 0.325623 2.637204 -0.055664 -0.998421 0.007561 -2.151617 0.325525 -0.010989 0.945470 -0.002216
-0.714367 0.661021 0.229632 2.637204 -0.612397 -0.749335 0.251926 -2.151617 0.338599 0.039341 0.940108 -0.002216
-0.774935 0.566127 0.281026 2.637204 -0.519534 -0.823779 0.226878 -2.151617 0.359945 0.029813 0.932497 -0.002216
-0.727575 0.656644 0.198629 2.637204 -0.563290 -0.737082 0.373382 -2.151617 0.391585 0.159778 0.906163 -0.002216
-0.885541 0.341858 0.314563 2.637204 -0.276540 -0.931988 0.234357 -2.151617 0.373286 0.120544 0.919851 -0.002216
-0.862304 -0.300562 0.407547 2.637204 0.345830 -0.937428 0.040376 -2.151617 0.369911 0.175759 0.912291 -0.002216
-0.846775 -0.340134 0.409000 2.637204 0.387778 -0.921014 0.036899 -2.151617 0.364144 0.189847 0.911788 -0.002216
-0.441087 -0.863367 0.245031 2.637204 0.836093 -0.494541 -0.237439 -2.151617 0.326174 0.100137 0.939991 -0.002216
-0.140413 -0.955637 0.258924 2.637204 0.933537 -0.214905 -0.286921 -2.151617 0.329837 0.201428 0.922298 -0.002216
0.460093 -0.878364 -0.129577 2.637204 0.789788 0.471562 -0.392256 -2.151617 0.405647 0.078136 0.910684 -0.002216
0.765271 -0.619556 -0.174672 2.637204 0.536941 0.764057 -0.357648 -2.151617 0.355043 0.179909 0.917375 -0.002216
0.827954 -0.475440 -0.297403 2.637204 0.405902 0.873989 -0.267184 -2.151617 0.386957 0.100500 0.916605 -0.002216
0.927701 -0.014828 -0.373028 2.637204 0.008867 0.999804 -0.017691 -2.151617 0.373218 0.013104 0.927651 -0.002216
0.872790 -0.460669 -0.161309 2.637204 0.446174 0.886999 -0.119005 -2.151617 0.197903 0.031894 0.979703 -0.002216
0.828757 -0.489104 -0.271916 2.637204 0.441355 0.870012 -0.219739 -2.151617 0.344045 0.062099 0.936897 -0.002216
0.922064 -0.379046 -0.078248 2.637204 0.368357 0.921489 -0.123175 -2.151617 0.118793 0.084752 0.989295 -0.002216
0.984569 -0.170689 0.038580 2.637204 0.170035 0.985242 0.019661 -2.151617 -0.041366 -0.012798 0.999062 -0.002216
0.996632 -0.081357 0.010322 2.637204 0.081989 0.991226 -0.103673 -2.151617 -0.001797 0.104171 0.994558 -0.002216
0.982791 -0.182873 -0.026079 2.637204 0.181886 0.982652 -0.036243 -2.151617 0.032254 0.030876 0.999003 -0.002216
0.964899 -0.262031 -0.017573 2.637204 0.262000 0.965059 -0.004105 -2.151617 0.018034 -0.000643 0.999837 -0.002216
0.973031 -0.227276 0.039458 2.637204 0.226892 0.973819 0.014002 -2.151617 -0.041608 -0.004671 0.999123 -0.002216
0.974582 -0.223544 -0.014758 2.647464 0.223414 0.974673 -0.009979 -2.149203 0.016615 0.006429 0.999841 -0.002461
0.975147 -0.219844 -0.027530 2.648226 0.219853 0.975529 -0.002740 -2.149015 0.027459 -0.003381 0.999617 -0.002445
0.975146 -0.219844 -0.027530 2.648226 0.219853 0.975529 -0.002740 -2.149015 0.027459 -0.003381 0.999617 -0.002445
0.975146 -0.219844 -0.027530 2.648214 0.219853 0.975529 -0.002740 -2.149007 0.027459 -0.003381 0.999617 -0.002446
0.975106 -0.219897 -0.028510 2.648216 0.219868 0.975521 -0.004186 -2.149009 0.028733 -0.002187 0.999585 -0.002446
0.975063 -0.219893 -0.029990 2.648211 0.219813 0.975524 -0.005987 -2.149006 0.030573 -0.000754 0.999532 -0.002446
0.975026 -0.219892 -0.031178 2.648207 0.219765 0.975524 -0.007486 -2.149003 0.032061 0.000447 0.999486 -0.002446
0.975011 -0.219892 -0.031633 2.648205 0.219746 0.975524 -0.008061 -2.149001 0.032632 0.000909 0.999467 -0.002446
0.974997 -0.219892 -0.032070 2.648204 0.219729 0.975523 -0.008568 -2.149000 0.033169 0.001307 0.999449 -0.002446
0.974987 -0.219892 -0.032381 2.648203 0.219715 0.975523 -0.008970 -2.148999 0.033561 0.001631 0.999435 -0.002446
0.974987 -0.219892 -0.032381 2.648210 0.219715 0.975523 -0.008970 -2.148988 0.033561 0.001631 0.999435 -0.002446
0.974987 -0.219892 -0.032381 2.648210 0.219715 0.975523 -0.008970 -2.148988 0.033561 0.001631 0.999435 -0.002446
0.974980 -0.219892 -0.032581 2.648209 0.219707 0.975522 -0.009211 -2.148987 0.033809 0.001823 0.999427 -0.002446
0.974980 -0.219892 -0.032581 2.648209 0.219707 0.975522 -0.009211 -2.148987 0.033809 0.001823 0.999427 -0.002446
0.974980 -0.219892 -0.032581 2.648209 0.219707 0.975522 -0.009211 -2.148987 0.033809 0.001823 0.999427 -0.002446
0.974980 -0.219892 -0.032581 2.648209 0.219707 0.975522 -0.009211 -2.148987 0.033809 0.001823 0.999427 -0.002446
0.974980 -0.219892 -0.032581 2.648209 0.219707 0.975522 -0.009211 -2.148987 0.033809 0.001823 0.999427 -0.002446
0.974980 -0.219892 -0.032581 2.648209 0.219707 0.975522 -0.009211 -2.148987 0.033809 0.001823 0.999427 -0.002446
0.974976 -0.219893 -0.032709 2.648209 0.219698 0.975522 -0.009463 -2.148987 0.033989 0.002040 0.999420 -0.002446
0.974976 -0.219892 -0.032709 2.648209 0.219698 0.975522 -0.009463 -2.148987 0.033989 0.002040 0.999420 -0.002446
0.974976 -0.219892 -0.032709 2.648209 0.219698 0.975522 -0.009463 -2.148987 0.033989 0.002040 0.999420 -0.002446
0.974976 -0.219892 -0.032709 2.648209 0.219698 0.975522 -0.009463 -2.148987 0.033989 0.002040 0.999420 -0.002446
0.974976 -0.219892 -0.032709 2.648209 0.219698 0.975522 -0.009463 -2.148987 0.033989 0.002040 0.999420 -0.002446
0.974976 -0.219892 -0.032709 2.648209 0.219698 0.975522 -0.009463 -2.148987 0.033989 0.002040 0.999420 -0.002446
0.974976 -0.219892 -0.032709 2.648209 0.219698 0.975522 -0.009463 -2.148987 0.033989 0.002040 0.999420 -0.002446
0.974976 -0.219892 -0.032709 2.648209 0.219698 0.975522 -0.009463 -2.148987 0.033989 0.002040 0.999420 -0.002446
0.974976 -0.219892 -0.032709 2.648209 0.219698 0.975522 -0.009463 -2.148987 0.033989 0.002040 0.999420 -0.002446
0.974976 -0.219892 -0.032709 2.648209 0.219698 0.975522 -0.009463 -2.148987 0.033989 0.002040 0.999420 -0.002446
0.974976 -0.219892 -0.032709 2.648209 0.219698 0.975522 -0.009463 -2.148987 0.033989 0.002040 0.999420 -0.002446
0.974976 -0.219892 -0.032709 2.648209 0.219698 0.975522 -0.009463 -2.148987 0.033989 0.002040 0.999420 -0.002446
0.974976 -0.219892 -0.032709 2.648209 0.219698 0.975522 -0.009463 -2.148987 0.033989 0.002040 0.999420 -0.002446
0.974976 -0.219892 -0.032709 2.648209 0.219698 0.975522 -0.009463 -2.148987 0.033989 0.002040 0.999420 -0.002446
0.974976 -0.219892 -0.032709 2.648209 0.219698 0.975522 -0.009463 -2.148987 0.033989 0.002040 0.999420 -0.002446
0.974976 -0.219892 -0.032709 2.648209 0.219698 0.975522 -0.009463 -2.148987 0.033989 0.002040 0.999420 -0.002446
0.974976 -0.219892 -0.032709 2.648209 0.219698 0.975522 -0.009463 -2.148987 0.033989 0.002040 0.999420 -0.002446
0.974976 -0.219892 -0.032709 2.648209 0.219698 0.975522 -0.009463 -2.148987 0.033989 0.002040 0.999420 -0.002446
0.974976 -0.219892 -0.032709 2.648209 0.219698 0.975522 -0.009463 -2.148987 0.033989 0.002040 0.999420 -0.002446
0.974976 -0.219892 -0.032709 2.648209 0.219698 0.975522 -0.009463 -2.148987 0.033989 0.002040 0.999420 -0.002446
0.974976 -0.219892 -0.032709 2.648209 0.219698 0.975522 -0.009463 -2.148987 0.033989 0.002040 0.999420 -0.002446
0.974976 -0.219892 -0.032709 2.648209 0.219698 0.975522 -0.009463 -2.148987 0.033989 0.002040 0.999420 -0.002446
0.974976 -0.219892 -0.032709 2.648209 0.219698 0.975522 -0.009463 -2.148987 0.033989 0.002040 0.999420 -0.002446
0.974974 -0.219894 -0.032738 2.648207 0.219688 0.975521 -0.009826 -2.148986 0.034097 0.002388 0.999416 -0.002446
0.974974 -0.219894 -0.032738 2.648207 0.219688 0.975521 -0.009826 -2.148986 0.034097 0.002388 0.999416 -0.002446
0.974974 -0.219894 -0.032738 2.648207 0.219688 0.975521 -0.009826 -2.148986 0.034097 0.002388 0.999416 -0.002446
0.974974 -0.219894 -0.032738 2.648207 0.219688 0.975521 -0.009826 -2.148986 0.034097 0.002388 0.999416 -0.002446
0.974974 -0.219894 -0.032738 2.648207 0.219688 0.975521 -0.009826 -2.148986 0.034097 0.002388 0.999416 -0.002446
0.974974 -0.219894 -0.032738 2.648207 0.219688 0.975521 -0.009826 -2.148986 0.034097 0.002388 0.999416 -0.002446
0.974974 -0.219894 -0.032738 2.648207 0.219688 0.975521 -0.009826 -2.148986 0.034097 0.002388 0.999416 -0.002446
0.974974 -0.219894 -0.032738 2.648207 0.219688 0.975521 -0.009826 -2.148986 0.034097 0.002388 0.999416 -0.002446
0.974974 -0.219894 -0.032738 2.648207 0.219688 0.975521 -0.009826 -2.148986 0.034097 0.002388 0.999416 -0.002446
0.974974 -0.219894 -0.032738 2.648207 0.219688 0.975521 -0.009826 -2.148986 0.034097 0.002388 0.999416 -0.002446
0.974974 -0.219894 -0.032738 2.648207 0.219688 0.975521 -0.009826 -2.148986 0.034097 0.002388 0.999416 -0.002446
0.974974 -0.219894 -0.032738 2.648207 0.219688 0.975521 -0.009826 -2.148986 0.034097 0.002388 0.999416 -0.002446
0.974974 -0.219894 -0.032738 2.648207 0.219688 0.975521 -0.009826 -2.148986 0.034097 0.002388 0.999416 -0.002446
0.974974 -0.219894 -0.032738 2.648207 0.219688 0.975521 -0.009826 -2.148986 0.034097 0.002388 0.999416 -0.002446
0.974974 -0.219894 -0.032738 2.648207 0.219688 0.975521 -0.009826 -2.148986 0.034097 0.002388 0.999416 -0.002446
0.974974 -0.219894 -0.032738 2.648207 0.219688 0.975521 -0.009826 -2.148986 0.034097 0.002388 0.999416 -0.002446
0.974974 -0.219894 -0.032738 2.648207 0.219688 0.975521 -0.009826 -2.148986 0.034097 0.002388 0.999416 -0.002446
0.974974 -0.219894 -0.032738 2.648207 0.219688 0.975521 -0.009826 -2.148986 0.034097 0.002388 0.999416 -0.002446
0.974974 -0.219894 -0.032738 2.648207 0.219688 0.975521 -0.009826 -2.148986 0.034097 0.002388 0.999416 -0.002446
0.974974 -0.219894 -0.032738 2.648207 0.219688 0.975521 -0.009826 -2.148986 0.034097 0.002388 0.999416 -0.002446
0.974974 -0.219894 -0.032738 2.648207 0.219688 0.975521 -0.009826 -2.148986 0.034097 0.002388 0.999416 -0.002446
0.974974 -0.219894 -0.032738 2.648207 0.219688 0.975521 -0.009826 -2.148986 0.034097 0.002388 0.999416 -0.002446
0.974974 -0.219894 -0.032738 2.648207 0.219688 0.975521 -0.009826 -2.148986 0.034097 0.002388 0.999416 -0.002446
0.974974 -0.219894 -0.032738 2.648207 0.219688 0.975521 -0.009826 -2.148986 0.034097 0.002388 0.999416 -0.002446
0.974974 -0.219894 -0.032738 2.648207 0.219688 0.975521 -0.009826 -2.148986 0.034097 0.002388 0.999416 -0.002446
0.974974 -0.219894 -0.032738 2.648207 0.219688 0.975521 -0.009826 -2.148986 0.034097 0.002388 0.999416 -0.002446
0.974974 -0.219894 -0.032738 2.648207 0.219688 0.975521 -0.009826 -2.148986 0.034097 0.002388 0.999416 -0.002446
0.974974 -0.219894 -0.032738 2.648207 0.219688 0.975521 -0.009826 -2.148986 0.034097 0.002388 0.999416 -0.002446
0.974974 -0.219894 -0.032738 2.648207 0.219688 0.975521 -0.009826 -2.148986 0.034097 0.002388 0.999416 -0.002446
0.974974 -0.219894 -0.032738 2.648207 0.219688 0.975521 -0.009826 -2.148986 0.034097 0.002388 0.999416 -0.002446
0.974974 -0.219894 -0.032738 2.648207 0.219688 0.975521 -0.009826 -2.148986 0.034097 0.002388 0.999416 -0.002446
0.974974 -0.219894 -0.032738 2.648207 0.219688 0.975521 -0.009826 -2.148986 0.034097 0.002388 0.999416 -0.002446
0.974974 -0.219894 -0.032738 2.648207 0.219688 0.975521 -0.009826 -2.148986 0.034097 0.002388 0.999416 -0.002446
0.974974 -0.219894 -0.032738 2.648207 0.219688 0.975521 -0.009826 -2.148986 0.034097 0.002388 0.999416 -0.002446
0.974974 -0.219894 -0.032738 2.648207 0.219688 0.975521 -0.009826 -2.148986 0.034097 0.002388 0.999416 -0.002446
0.974974 -0.219894 -0.032738 2.648207 0.219688 0.975521 -0.009826 -2.148986 0.034097 0.002388 0.999416 -0.002446
0.974974 -0.219894 -0.032738 2.648207 0.219688 0.975521 -0.009826 -2.148986 0.034097 0.002388 0.999416 -0.002446
0.974974 -0.219894 -0.032738 2.648207 0.219688 0.975521 -0.009826 -2.148986 0.034097 0.002388 0.999416 -0.002446
0.974974 -0.219894 -0.032738 2.648207 0.219688 0.975521 -0.009826 -2.148986 0.034097 0.002388 0.999416 -0.002446
0.974973 -0.219898 -0.032752 2.648208 0.219689 0.975520 -0.009878 -2.148986 0.034122 0.002435 0.999415 -0.002446
0.974973 -0.219898 -0.032752 2.648208 0.219689 0.975520 -0.009878 -2.148986 0.034122 0.002435 0.999415 -0.002446
0.974973 -0.219898 -0.032752 2.648208 0.219689 0.975520 -0.009878 -2.148986 0.034122 0.002435 0.999415 -0.002446
0.974973 -0.219898 -0.032752 2.648208 0.219689 0.975520 -0.009878 -2.148986 0.034122 0.002435 0.999415 -0.002446
0.974973 -0.219898 -0.032752 2.648208 0.219689 0.975520 -0.009878 -2.148986 0.034122 0.002435 0.999415 -0.002446
0.974973 -0.219898 -0.032752 2.648208 0.219689 0.975520 -0.009878 -2.148986 0.034122 0.002435 0.999415 -0.002446
0.974973 -0.219898 -0.032752 2.648208 0.219689 0.975520 -0.009878 -2.148986 0.034122 0.002435 0.999415 -0.002446
0.974973 -0.219898 -0.032752 2.648208 0.219689 0.975520 -0.009878 -2.148986 0.034122 0.002435 0.999415 -0.002446
0.974973 -0.219898 -0.032752 2.648208 0.219689 0.975520 -0.009878 -2.148986 0.034122 0.002435 0.999415 -0.002446
0.974973 -0.219898 -0.032752 2.648208 0.219689 0.975520 -0.009878 -2.148986 0.034122 0.002435 0.999415 -0.002446
0.974973 -0.219898 -0.032752 2.648208 0.219689 0.975520 -0.009878 -2.148986 0.034122 0.002435 0.999415 -0.002446
0.974973 -0.219898 -0.032752 2.648208 0.219689 0.975520 -0.009878 -2.148986 0.034122 0.002435 0.999415 -0.002446
0.974973 -0.219898 -0.032752 2.648208 0.219689 0.975520 -0.009878 -2.148986 0.034122 0.002435 0.999415 -0.002446
0.974973 -0.219898 -0.032752 2.648208 0.219689 0.975520 -0.009878 -2.148986 0.034122 0.002435 0.999415 -0.002446
0.974973 -0.219898 -0.032752 2.648208 0.219689 0.975520 -0.009878 -2.148986 0.034122 0.002435 0.999415 -0.002446
0.974973 -0.219898 -0.032752 2.648208 0.219689 0.975520 -0.009878 -2.148986 0.034122 0.002435 0.999415 -0.002446
0.974973 -0.219898 -0.032752 2.648208 0.219689 0.975520 -0.009878 -2.148986 0.034122 0.002435 0.999415 -0.002446
0.974973 -0.219898 -0.032752 2.648208 0.219689 0.975520 -0.009878 -2.148986 0.034122 0.002435 0.999415 -0.002446
0.974973 -0.219898 -0.032752 2.648208 0.219689 0.975520 -0.009878 -2.148986 0.034122 0.002435 0.999415 -0.002446
0.974973 -0.219898 -0.032752 2.648208 0.219689 0.975520 -0.009878 -2.148986 0.034122 0.002435 0.999415 -0.002446
0.974973 -0.219898 -0.032752 2.648208 0.219689 0.975520 -0.009878 -2.148986 0.034122 0.002435 0.999415 -0.002446
0.974973 -0.219898 -0.032752 2.648208 0.219689 0.975520 -0.009878 -2.148986 0.034122 0.002435 0.999415 -0.002446
0.974973 -0.219898 -0.032752 2.648208 0.219689 0.975520 -0.009878 -2.148986 0.034122 0.002435 0.999415 -0.002446
0.974973 -0.219898 -0.032752 2.648208 0.219689 0.975520 -0.009878 -2.148986 0.034122 0.002435 0.999415 -0.002446
0.974973 -0.219898 -0.032752 2.648208 0.219689 0.975520 -0.009878 -2.148986 0.034122 0.002435 0.999415 -0.002446
0.974973 -0.219898 -0.032752 2.648208 0.219689 0.975520 -0.009878 -2.148986 0.034122 0.002435 0.999415 -0.002446
0.974973 -0.219898 -0.032752 2.648208 0.219689 0.975520 -0.009878 -2.148986 0.034122 0.002435 0.999415 -0.002446
0.974973 -0.219898 -0.032752 2.648208 0.219689 0.975520 -0.009878 -2.148986 0.034122 0.002435 0.999415 -0.002446
0.974973 -0.219898 -0.032752 2.648208 0.219689 0.975520 -0.009878 -2.148986 0.034122 0.002435 0.999415 -0.002446
0.974973 -0.219898 -0.032752 2.648208 0.219689 0.975520 -0.009878 -2.148986 0.034122 0.002435 0.999415 -0.002446
0.974973 -0.219898 -0.032752 2.648208 0.219689 0.975520 -0.009878 -2.148986 0.034122 0.002435 0.999415 -0.002446
0.974973 -0.219898 -0.032752 2.648208 0.219689 0.975520 -0.009878 -2.148986 0.034122 0.002435 0.999415 -0.002446
0.974973 -0.219898 -0.032752 2.648208 0.219689 0.975520 -0.009878 -2.148986 0.034122 0.002435 0.999415 -0.002446
0.974973 -0.219898 -0.032752 2.648208 0.219689 0.975520 -0.009878 -2.148986 0.034122 0.002435 0.999415 -0.002446
0.974973 -0.219898 -0.032752 2.648208 0.219689 0.975520 -0.009878 -2.148986 0.034122 0.002435 0.999415 -0.002446
0.974973 -0.219898 -0.032752 2.648208 0.219689 0.975520 -0.009878 -2.148986 0.034122 0.002435 0.999415 -0.002446
0.974973 -0.219898 -0.032752 2.648208 0.219689 0.975520 -0.009878 -2.148986 0.034122 0.002435 0.999415 -0.002446
0.974973 -0.219898 -0.032752 2.648208 0.219689 0.975520 -0.009878 -2.148986 0.034122 0.002435 0.999415 -0.002446
0.974973 -0.219898 -0.032752 2.648208 0.219689 0.975520 -0.009878 -2.148986 0.034122 0.002435 0.999415 -0.002446
0.974973 -0.219898 -0.032752 2.648208 0.219689 0.975520 -0.009878 -2.148986 0.034122 0.002435 0.999415 -0.002446
0.974973 -0.219898 -0.032752 2.648208 0.219689 0.975520 -0.009878 -2.148986 0.034122 0.002435 0.999415 -0.002446
0.974973 -0.219898 -0.032752 2.648208 0.219689 0.975520 -0.009878 -2.148986 0.034122 0.002435 0.999415 -0.002446
0.974973 -0.219898 -0.032752 2.648208 0.219689 0.975520 -0.009878 -2.148986 0.034122 0.002435 0.999415 -0.002446
0.974973 -0.219898 -0.032752 2.648208 0.219689 0.975520 -0.009878 -2.148986 0.034122 0.002435 0.999415 -0.002446
0.974973 -0.219898 -0.032752 2.648208 0.219689 0.975520 -0.009878 -2.148986 0.034122 0.002435 0.999415 -0.002446
0.974973 -0.219898 -0.032752 2.648208 0.219689 0.975520 -0.009878 -2.148986 0.034122 0.002435 0.999415 -0.002446
0.974973 -0.219898 -0.032752 2.648208 0.219689 0.975520 -0.009878 -2.148986 0.034122 0.002435 0.999415 -0.002446
0.974973 -0.219898 -0.032752 2.648208 0.219689 0.975520 -0.009878 -2.148986 0.034122 0.002435 0.999415 -0.002446
0.974973 -0.219898 -0.032752 2.648208 0.219689 0.975520 -0.009878 -2.148986 0.034122 0.002435 0.999415 -0.002446
0.974973 -0.219898 -0.032752 2.648208 0.219689 0.975520 -0.009878 -2.148986 0.034122 0.002435 0.999415 -0.002446
0.974973 -0.219898 -0.032752 2.648208 0.219689 0.975520 -0.009878 -2.148986 0.034122 0.002435 0.999415 -0.002446
0.974973 -0.219898 -0.032752 2.648208 0.219689 0.975520 -0.009878 -2.148986 0.034122 0.002435 0.999415 -0.002446
0.974973 -0.219898 -0.032752 2.648208 0.219689 0.975520 -0.009878 -2.148986 0.034122 0.002435 0.999415 -0.002446
0.974973 -0.219898 -0.032752 2.648208 0.219689 0.975520 -0.009878 -2.148986 0.034122 0.002435 0.999415 -0.002446
0.974973 -0.219898 -0.032752 2.648208 0.219689 0.975520 -0.009878 -2.148986 0.034122 0.002435 0.999415 -0.002446
0.974973 -0.219898 -0.032752 2.648208 0.219689 0.975520 -0.009878 -2.148986 0.034122 0.002435 0.999415 -0.002446
0.974973 -0.219898 -0.032752 2.648208 0.219689 0.975520 -0.009878 -2.148986 0.034122 0.002435 0.999415 -0.002446
0.974973 -0.219898 -0.032752 2.648208 0.219689 0.975520 -0.009878 -2.148986 0.034122 0.002435 0.999415 -0.002446
0.974973 -0.219898 -0.032752 2.648208 0.219689 0.975520 -0.009878 -2.148986 0.034122 0.002435 0.999415 -0.002446
0.974973 -0.219898 -0.032752 2.648208 0.219689 0.975520 -0.009878 -2.148986 0.034122 0.002435 0.999415 -0.002446
0.974973 -0.219898 -0.032752 2.648208 0.219689 0.975520 -0.009878 -2.148986 0.034122 0.002435 0.999415 -0.002446
0.974973 -0.219898 -0.032752 2.648208 0.219689 0.975520 -0.009878 -2.148986 0.034122 0.002435 0.999415 -0.002446
0.974973 -0.219898 -0.032752 2.648208 0.219689 0.975520 -0.009878 -2.148986 0.034122 0.002435 0.999415 -0.002446
0.974973 -0.219898 -0.032752 2.648208 0.219689 0.975520 -0.009878 -2.148986 0.034122 0.002435 0.999415 -0.002446
0.974973 -0.219898 -0.032752 2.648208 0.219689 0.975520 -0.009878 -2.148986 0.034122 0.002435 0.999415 -0.002446
0.974973 -0.219898 -0.032752 2.648208 0.219689 0.975520 -0.009878 -2.148986 0.034122 0.002435 0.999415 -0.002446
0.974973 -0.219898 -0.032752 2.648208 0.219689 0.975520 -0.009878 -2.148986 0.034122 0.002435 0.999415 -0.002446
0.974973 -0.219898 -0.032752 2.648208 0.219689 0.975520 -0.009878 -2.148986 0.034122 0.002435 0.999415 -0.002446
0.974973 -0.219898 -0.032752 2.648208 0.219689 0.975520 -0.009878 -2.148986 0.034122 0.002435 0.999415 -0.002446
0.974973 -0.219898 -0.032752 2.648208 0.219689 0.975520 -0.009878 -2.148986 0.034122 0.002435 0.999415 -0.002446
0.974973 -0.219898 -0.032752 2.648208 0.219689 0.975520 -0.009878 -2.148986 0.034122 0.002435 0.999415 -0.002446
0.974973 -0.219898 -0.032752 2.648208 0.219689 0.975520 -0.009878 -2.148986 0.034122 0.002435 0.999415 -0.002446
0.974973 -0.219898 -0.032752 2.648208 0.219689 0.975520 -0.009878 -2.148986 0.034122 0.002435 0.999415 -0.002446
0.974973 -0.219898 -0.032752 2.648208 0.219689 0.975520 -0.009878 -2.148986 0.034122 0.002435 0.999415 -0.002446
0.974973 -0.219898 -0.032752 2.648208 0.219689 0.975520 -0.009878 -2.148986 0.034122 0.002435 0.999415 -0.002446
0.974973 -0.219898 -0.032752 2.648208 0.219689 0.975520 -0.009878 -2.148986 0.034122 0.002435 0.999415 -0.002446
0.974973 -0.219898 -0.032752 2.648208 0.219689 0.975520 -0.009878 -2.148986 0.034122 0.002435 0.999415 -0.002446
0.974973 -0.219898 -0.032752 2.648208 0.219689 0.975520 -0.009878 -2.148986 0.034122 0.002435 0.999415 -0.002446
0.974973 -0.219898 -0.032752 2.648208 0.219689 0.975520 -0.009878 -2.148986 0.034122 0.002435 0.999415 -0.002446
0.974973 -0.219898 -0.032752 2.648208 0.219689 0.975520 -0.009878 -2.148986 0.034122 0.002435 0.999415 -0.002446
0.974973 -0.219898 -0.032752 2.648208 0.219689 0.975520 -0.009878 -2.148986 0.034122 0.002435 0.999415 -0.002446
0.974973 -0.219898 -0.032752 2.648208 0.219689 0.975520 -0.009878 -2.148986 0.034122 0.002435 0.999415 -0.002446
0.974973 -0.219898 -0.032752 2.648208 0.219689 0.975520 -0.009878 -2.148986 0.034122 0.002435 0.999415 -0.002446
0.974973 -0.219898 -0.032752 2.648208 0.219689 0.975520 -0.009878 -2.148986 0.034122 0.002435 0.999415 -0.002446
0.974973 -0.219898 -0.032752 2.648208 0.219689 0.975520 -0.009878 -2.148986 0.034122 0.002435 0.999415 -0.002446
0.974973 -0.219898 -0.032752 2.648208 0.219689 0.975520 -0.009878 -2.148986 0.034122 0.002435 0.999415 -0.002446
0.974973 -0.219898 -0.032752 2.648208 0.219689 0.975520 -0.009878 -2.148986 0.034122 0.002435 0.999415 -0.002446
0.974973 -0.219898 -0.032752 2.648208 0.219689 0.975520 -0.009878 -2.148986 0.034122 0.002435 0.999415 -0.002446
0.974973 -0.219898 -0.032752 2.648208 0.219689 0.975520 -0.009878 -2.148986 0.034122 0.002435 0.999415 -0.002446
0.974973 -0.219898 -0.032752 2.648208 0.219689 0.975520 -0.009878 -2.148986 0.034122 0.002435 0.999415 -0.002446
0.974973 -0.219898 -0.032752 2.648208 0.219689 0.975520 -0.009878 -2.148986 0.034122 0.002435 0.999415 -0.002446
0.974973 -0.219898 -0.032752 2.648208 0.219689 0.975520 -0.009878 -2.148986 0.034122 0.002435 0.999415 -0.002446
0.974973 -0.219898 -0.032752 2.648208 0.219689 0.975520 -0.009878 -2.148986 0.034122 0.002435 0.999415 -0.002446
0.974973 -0.219898 -0.032752 2.648208 0.219689 0.975520 -0.009878 -2.148986 0.034122 0.002435 0.999415 -0.002446
0.974973 -0.219898 -0.032752 2.648208 0.219689 0.975520 -0.009878 -2.148986 0.034122 0.002435 0.999415 -0.002446
0.974973 -0.219898 -0.032752 2.648208 0.219689 0.975520 -0.009878 -2.148986 0.034122 0.002435 0.999415 -0.002446
0.974973 -0.219898 -0.032752 2.648208 0.219689 0.975520 -0.009878 -2.148986 0.034122 0.002435 0.999415 -0.002446
0.974973 -0.219898 -0.032752 2.648208 0.219689 0.975520 -0.009878 -2.148986 0.034122 0.002435 0.999415 -0.002446
0.974973 -0.219898 -0.032752 2.648208 0.219689 0.975520 -0.009878 -2.148986 0.034122 0.002435 0.999415 -0.002446
0.974973 -0.219898 -0.032752 2.648208 0.219689 0.975520 -0.009878 -2.148986 0.034122 0.002435 0.999415 -0.002446
0.974973 -0.219898 -0.032752 2.648208 0.219689 0.975520 -0.009878 -2.148986 0.034122 0.002435 0.999415 -0.002446
0.974973 -0.219898 -0.032752 2.648208 0.219689 0.975520 -0.009878 -2.148986 0.034122 0.002435 0.999415 -0.002446
0.974973 -0.219898 -0.032752 2.648208 0.219689 0.975520 -0.009878 -2.148986 0.034122 0.002435 0.999415 -0.002446
0.974973 -0.219898 -0.032752 2.648208 0.219689 0.975520 -0.009878 -2.148986 0.034122 0.002435 0.999415 -0.002446
0.974973 -0.219898 -0.032752 2.648208 0.219689 0.975520 -0.009878 -2.148986 0.034122 0.002435 0.999415 -0.002446
0.974973 -0.219898 -0.032752 2.648208 0.219689 0.975520 -0.009878 -2.148986 0.034122 0.002435 0.999415 -0.002446
0.974973 -0.219898 -0.032752 2.648208 0.219689 0.975520 -0.009878 -2.148986 0.034122 0.002435 0.999415 -0.002446
0.974973 -0.219898 -0.032752 2.648208 0.219689 0.975520 -0.009878 -2.148986 0.034122 0.002435 0.999415 -0.002446
0.974973 -0.219898 -0.032752 2.648208 0.219689 0.975520 -0.009878 -2.148986 0.034122 0.002435 0.999415 -0.002446
0.974973 -0.219898 -0.032752 2.648208 0.219689 0.975520 -0.009878 -2.148986 0.034122 0.002435 0.999415 -0.002446
0.974973 -0.219898 -0.032752 2.648208 0.219689 0.975520 -0.009878 -2.148986 0.034122 0.002435 0.999415 -0.002446
0.974973 -0.219898 -0.032752 2.648208 0.219689 0.975520 -0.009878 -2.148986 0.034122 0.002435 0.999415 -0.002446
0.974973 -0.219898 -0.032752 2.648208 0.219689 0.975520 -0.009878 -2.148986 0.034122 0.002435 0.999415 -0.002446
0.974973 -0.219898 -0.032752 2.648208 0.219689 0.975520 -0.009878 -2.148986 0.034122 0.002435 0.999415 -0.002446
0.974973 -0.219898 -0.032752 2.648208 0.219689 0.975520 -0.009878 -2.148986 0.034122 0.002435 0.999415 -0.002446
0.974973 -0.219898 -0.032752 2.648208 0.219689 0.975520 -0.009878 -2.148986 0.034122 0.002435 0.999415 -0.002446
0.974973 -0.219898 -0.032752 2.648208 0.219689 0.975520 -0.009878 -2.148986 0.034122 0.002435 0.999415 -0.002446
0.974973 -0.219898 -0.032752 2.648208 0.219689 0.975520 -0.009878 -2.148986 0.034122 0.002435 0.999415 -0.002446
0.974973 -0.219898 -0.032752 2.648208 0.219689 0.975520 -0.009878 -2.148986 0.034122 0.002435 0.999415 -0.002446
0.974973 -0.219898 -0.032752 2.648208 0.219689 0.975520 -0.009878 -2.148986 0.034122 0.002435 0.999415 -0.002446
0.974973 -0.219898 -0.032752 2.648208 0.219689 0.975520 -0.009878 -2.148986 0.034122 0.002435 0.999415 -0.002446
0.974973 -0.219898 -0.032752 2.648208 0.219689 0.975520 -0.009878 -2.148986 0.034122 0.002435 0.999415 -0.002446
0.974973 -0.219898 -0.032752 2.648208 0.219689 0.975520 -0.009878 -2.148986 0.034122 0.002435 0.999415 -0.002446
0.974973 -0.219898 -0.032752 2.648208 0.219689 0.975520 -0.009878 -2.148986 0.034122 0.002435 0.999415 -0.002446
0.974973 -0.219898 -0.032752 2.648208 0.219689 0.975520 -0.009878 -2.148986 0.034122 0.002435 0.999415 -0.002446
0.974973 -0.219898 -0.032752 2.648208 0.219689 0.975520 -0.009878 -2.148986 0.034122 0.002435 0.999415 -0.002446
0.974973 -0.219898 -0.032752 2.648208 0.219689 0.975520 -0.009878 -2.148986 0.034122 0.002435 0.999415 -0.002446
0.974973 -0.219898 -0.032752 2.648208 0.219689 0.975520 -0.009878 -2.148986 0.034122 0.002435 0.999415 -0.002446
0.974973 -0.219898 -0.032752 2.648208 0.219689 0.975520 -0.009878 -2.148986 0.034122 0.002435 0.999415 -0.002446
0.974973 -0.219898 -0.032752 2.648208 0.219689 0.975520 -0.009878 -2.148986 0.034122 0.002435 0.999415 -0.002446
0.974973 -0.219898 -0.032752 2.648208 0.219689 0.975520 -0.009878 -2.148986 0.034122 0.002435 0.999415 -0.002446
0.974973 -0.219898 -0.032752 2.648208 0.219689 0.975520 -0.009878 -2.148986 0.034122 0.002435 0.999415 -0.002446
0.974973 -0.219898 -0.032752 2.648208 0.219689 0.975520 -0.009878 -2.148986 0.034122 0.002435 0.999415 -0.002446
0.974973 -0.219898 -0.032752 2.648208 0.219689 0.975520 -0.009878 -2.148986 0.034122 0.002435 0.999415 -0.002446
0.974973 -0.219898 -0.032752 2.648208 0.219689 0.975520 -0.009878 -2.148986 0.034122 0.002435 0.999415 -0.002446
0.974973 -0.219898 -0.032752 2.648208 0.219689 0.975520 -0.009878 -2.148986 0.034122 0.002435 0.999415 -0.002446
0.974973 -0.219898 -0.032752 2.648208 0.219689 0.975520 -0.009878 -2.148986 0.034122 0.002435 0.999415 -0.002446
0.974973 -0.219898 -0.032752 2.648208 0.219689 0.975520 -0.009878 -2.148986 0.034122 0.002435 0.999415 -0.002446
0.974973 -0.219898 -0.032752 2.648208 0.219689 0.975520 -0.009878 -2.148986 0.034122 0.002435 0.999415 -0.002446
0.974973 -0.219898 -0.032752 2.648208 0.219689 0.975520 -0.009878 -2.148986 0.034122 0.002435 0.999415 -0.002446
0.974973 -0.219898 -0.032752 2.648208 0.219689 0.975520 -0.009878 -2.148986 0.034122 0.002435 0.999415 -0.002446
0.974973 -0.219898 -0.032752 2.648208 0.219689 0.975520 -0.009878 -2.148986 0.034122 0.002435 0.999415 -0.002446
0.974973 -0.219898 -0.032752 2.648208 0.219689 0.975520 -0.009878 -2.148986 0.034122 0.002435 0.999415 -0.002446
0.974973 -0.219898 -0.032752 2.648208 0.219689 0.975520 -0.009878 -2.148986 0.034122 0.002435 0.999415 -0.002446
0.974973 -0.219898 -0.032752 2.648208 0.219689 0.975520 -0.009878 -2.148986 0.034122 0.002435 0.999415 -0.002446
0.974973 -0.219898 -0.032752 2.648208 0.219689 0.975520 -0.009878 -2.148986 0.034122 0.002435 0.999415 -0.002446
0.974973 -0.219898 -0.032752 2.648208 0.219689 0.975520 -0.009878 -2.148986 0.034122 0.002435 0.999415 -0.002446
0.974973 -0.219898 -0.032752 2.648208 0.219689 0.975520 -0.009878 -2.148986 0.034122 0.002435 0.999415 -0.002446
0.974973 -0.219898 -0.032752 2.648208 0.219689 0.975520 -0.009878 -2.148986 0.034122 0.002435 0.999415 -0.002446
0.974973 -0.219898 -0.032752 2.648208 0.219689 0.975520 -0.009878 -2.148986 0.034122 0.002435 0.999415 -0.002446
0.974973 -0.219898 -0.032752 2.648208 0.219689 0.975520 -0.009878 -2.148986 0.034122 0.002435 0.999415 -0.002446
0.974973 -0.219898 -0.032752 2.648208 0.219689 0.975520 -0.009878 -2.148986 0.034122 0.002435 0.999415 -0.002446
0.974973 -0.219898 -0.032752 2.648208 0.219689 0.975520 -0.009878 -2.148986 0.034122 0.002435 0.999415 -0.002446
0.974973 -0.219898 -0.032752 2.648208 0.219689 0.975520 -0.009878 -2.148986 0.034122 0.002435 0.999415 -0.002446
0.974973 -0.219898 -0.032752 2.648208 0.219689 0.975520 -0.009878 -2.148986 0.034122 0.002435 0.999415 -0.002446
0.974973 -0.219898 -0.032752 2.648208 0.219689 0.975520 -0.009878 -2.148986 0.034122 0.002435 0.999415 -0.002446
0.974973 -0.219898 -0.032752 2.648208 0.219689 0.975520 -0.009878 -2.148986 0.034122 0.002435 0.999415 -0.002446
0.974973 -0.219898 -0.032752 2.648208 0.219689 0.975520 -0.009878 -2.148986 0.034122 0.002435 0.999415 -0.002446
0.974973 -0.219898 -0.032752 2.648208 0.219689 0.975520 -0.009878 -2.148986 0.034122 0.002435 0.999415 -0.002446
0.974973 -0.219898 -0.032752 2.648208 0.219689 0.975520 -0.009878 -2.148986 0.034122 0.002435 0.999415 -0.002446
0.974973 -0.219898 -0.032752 2.648208 0.219689 0.975520 -0.009878 -2.148986 0.034122 0.002435 0.999415 -0.002446
0.974973 -0.219898 -0.032752 2.648208 0.219689 0.975520 -0.009878 -2.148986 0.034122 0.002435 0.999415 -0.002446
0.974973 -0.219898 -0.032752 2.648208 0.219689 0.975520 -0.009878 -2.148986 0.034122 0.002435 0.999415 -0.002446
0.974973 -0.219898 -0.032752 2.648208 0.219689 0.975520 -0.009878 -2.148986 0.034122 0.002435 0.999415 -0.002446
0.974973 -0.219898 -0.032752 2.648208 0.219689 0.975520 -0.009878 -2.148986 0.034122 0.002435 0.999415 -0.002446
0.974973 -0.219898 -0.032752 2.648208 0.219689 0.975520 -0.009878 -2.148986 0.034122 0.002435 0.999415 -0.002446
0.974973 -0.219898 -0.032752 2.648208 0.219689 0.975520 -0.009878 -2.148986 0.034122 0.002435 0.999415 -0.002446
0.974973 -0.219898 -0.032752 2.648208 0.219689 0.975520 -0.009878 -2.148986 0.034122 0.002435 0.999415 -0.002446
0.974973 -0.219898 -0.032752 2.648208 0.219689 0.975520 -0.009878 -2.148986 0.034122 0.002435 0.999415 -0.002446
0.974973 -0.219898 -0.032752 2.648208 0.219689 0.975520 -0.009878 -2.148986 0.034122 0.002435 0.999415 -0.002446
0.974973 -0.219898 -0.032752 2.648208 0.219689 0.975520 -0.009878 -2.148986 0.034122 0.002435 0.999415 -0.002446
0.974973 -0.219898 -0.032752 2.648208 0.219689 0.975520 -0.009878 -2.148986 0.034122 0.002435 0.999415 -0.002446
0.974973 -0.219898 -0.032752 2.648208 0.219689 0.975520 -0.009878 -2.148986 0.034122 0.002435 0.999415 -0.002446
0.974973 -0.219898 -0.032752 2.648208 0.219689 0.975520 -0.009878 -2.148986 0.034122 0.002435 0.999415 -0.002446
0.974973 -0.219898 -0.032752 2.648208 0.219689 0.975520 -0.009878 -2.148986 0.034122 0.002435 0.999415 -0.002446
0.974973 -0.219898 -0.032752 2.648208 0.219689 0.975520 -0.009878 -2.148986 0.034122 0.002435 0.999415 -0.002446
0.974973 -0.219898 -0.032752 2.648208 0.219689 0.975520 -0.009878 -2.148986 0.034122 0.002435 0.999415 -0.002446
0.974973 -0.219898 -0.032752 2.648208 0.219689 0.975520 -0.009878 -2.148986 0.034122 0.002435 0.999415 -0.002446
0.974973 -0.219898 -0.032752 2.648208 0.219689 0.975520 -0.009878 -2.148986 0.034122 0.002435 0.999415 -0.002446
0.974973 -0.219898 -0.032752 2.648208 0.219689 0.975520 -0.009878 -2.148986 0.034122 0.002435 0.999415 -0.002446
0.974973 -0.219898 -0.032752 2.648208 0.219689 0.975520 -0.009878 -2.148986 0.034122 0.002435 0.999415 -0.002446
