0.999923 -0.012435 0.000000 0.366661 0.012435 0.999923 0.000000 0.222307 0.000000 0.000000 1.000000 0.000000
0.999923 -0.012435 0.000000 0.366661 0.012435 0.999923 0.000000 0.222307 0.000000 0.000000 1.000000 0.000000
0.999923 -0.012435 0.000000 0.366661 0.012435 0.999923 0.000000 0.222307 0.000000 0.000000 1.000000 0.000000
0.989756 0.142772 0.000000 0.703322 -0.142772 0.989756 -0.000000 0.261698 -0.000000 0.000000 1.000000 0.000000
0.989756 0.142772 0.000000 0.703322 -0.142772 0.989756 -0.000000 0.261698 -0.000000 0.000000 1.000000 0.000000
0.989756 0.142772 0.000000 0.703322 -0.142772 0.989756 -0.000000 0.261698 -0.000000 0.000000 1.000000 0.000000
0.982728 0.185058 0.000000 1.069555 -0.185058 0.982728 -0.000000 0.217978 -0.000000 0.000000 1.000000 0.000000
0.982728 0.185058 0.000000 1.069555 -0.185058 0.982728 -0.000000 0.217978 -0.000000 0.000000 1.000000 0.000000
0.996431 0.084406 0.000000 1.405549 -0.084406 0.996431 -0.000000 0.170746 -0.000000 0.000000 1.000000 0.000000
0.996431 0.084406 0.000000 1.405549 -0.084406 0.996431 -0.000000 0.170746 -0.000000 0.000000 1.000000 0.000000
0.996431 0.084406 0.000000 1.405549 -0.084406 0.996431 -0.000000 0.170746 -0.000000 0.000000 1.000000 0.000000
0.999996 0.002817 0.000000 1.704834 -0.002817 0.999996 -0.000000 0.150732 -0.000000 0.000000 1.000000 0.000000
0.999996 0.002817 0.000000 1.704834 -0.002817 0.999996 -0.000000 0.150732 -0.000000 0.000000 1.000000 0.000000
0.999996 0.002817 0.000000 1.704834 -0.002817 0.999996 -0.000000 0.150732 -0.000000 0.000000 1.000000 0.000000
0.999682 -0.025219 0.000000 1.988487 0.025219 0.999682 0.000000 0.147419 0.000000 0.000000 1.000000 0.000000
0.999682 -0.025219 0.000000 1.988487 0.025219 0.999682 0.000000 0.147419 0.000000 0.000000 1.000000 0.000000
0.997944 0.064094 0.000000 2.255225 -0.064094 0.997944 -0.000000 0.093198 -0.000000 0.000000 1.000000 0.000000
0.997944 0.064094 0.000000 2.255225 -0.064094 0.997944 -0.000000 0.093198 -0.000000 0.000000 1.000000 0.000000
0.997944 0.064094 0.000000 2.255225 -0.064094 0.997944 -0.000000 0.093198 -0.000000 0.000000 1.000000 0.000000
0.986435 -0.164155 0.000000 2.546055 0.164155 0.986435 0.000000 0.114336 0.000000 0.000000 1.000000 0.000000
0.920128 -0.391618 0.000000 2.715457 0.391618 0.920128 0.000000 0.152037 0.000000 0.000000 1.000000 0.000000
0.828969 -0.559294 0.000000 2.838324 0.559294 0.828969 0.000000 0.179391 0.000000 0.000000 1.000000 0.000000
0.630051 -0.776554 0.000000 2.957432 0.776554 0.630051 0.000000 0.253348 0.000000 0.000000 1.000000 0.000000
0.412566 -0.910928 0.000000 3.045032 0.910928 0.412566 0.000000 0.331830 0.000000 0.000000 1.000000 0.000000
0.203823 -0.979008 0.000000 3.097196 0.979008 0.203823 0.000000 0.418974 0.000000 0.000000 1.000000 0.000000
-0.011668 -0.999932 0.000000 3.135953 0.999932 -0.011668 0.000000 0.543850 0.000000 0.000000 1.000000 0.000000
-0.210601 -0.977572 0.000000 3.127915 0.977572 -0.210601 0.000000 0.723682 0.000000 0.000000 1.000000 0.000000
-0.210601 -0.977572 0.000000 3.127915 0.977572 -0.210601 0.000000 0.723682 0.000000 0.000000 1.000000 0.000000
-0.210601 -0.977572 0.000000 3.127915 0.977572 -0.210601 0.000000 0.723682 0.000000 0.000000 1.000000 0.000000
-0.263450 -0.964673 0.000000 3.054156 0.964673 -0.263450 0.000000 0.958752 0.000000 0.000000 1.000000 0.000000
-0.263450 -0.964673 0.000000 3.054156 0.964673 -0.263450 0.000000 0.958752 0.000000 0.000000 1.000000 0.000000
-0.111997 -0.993709 0.000000 3.000781 0.993709 -0.111997 0.000000 1.202883 0.000000 0.000000 1.000000 0.000000
-0.111997 -0.993709 0.000000 3.000781 0.993709 -0.111997 0.000000 1.202883 0.000000 0.000000 1.000000 0.000000
-0.143527 -0.989646 0.000000 2.974847 0.989646 -0.143527 0.000000 1.454932 0.000000 0.000000 1.000000 0.000000
-0.143527 -0.989646 0.000000 2.974847 0.989646 -0.143527 0.000000 1.454932 0.000000 0.000000 1.000000 0.000000
-0.348375 -0.937355 0.000000 2.929635 0.937355 -0.348375 0.000000 1.662082 0.000000 0.000000 1.000000 0.000000
-0.554116 -0.832440 0.000000 2.868851 0.832440 -0.554116 0.000000 1.812683 0.000000 0.000000 1.000000 0.000000
-0.723438 -0.690390 0.000000 2.792034 0.690390 -0.723438 0.000000 1.903714 0.000000 0.000000 1.000000 0.000000
-0.865067 -0.501656 0.000000 2.697995 0.501656 -0.865067 0.000000 1.979411 0.000000 0.000000 1.000000 0.000000
-0.956213 -0.292672 0.000000 2.565825 0.292672 -0.956213 0.000000 2.038512 0.000000 0.000000 1.000000 0.000000
-0.956213 -0.292672 0.000000 2.565825 0.292672 -0.956213 0.000000 2.038512 0.000000 0.000000 1.000000 0.000000
-0.996963 -0.077875 0.000000 2.351190 0.077875 -0.996963 0.000000 2.082245 0.000000 0.000000 1.000000 0.000000
-0.996963 -0.077875 0.000000 2.351190 0.077875 -0.996963 0.000000 2.082245 0.000000 0.000000 1.000000 0.000000
-0.998624 -0.052437 0.000000 2.058272 0.052437 -0.998624 0.000000 2.089889 0.000000 0.000000 1.000000 0.000000
-0.998624 -0.052437 0.000000 2.058272 0.052437 -0.998624 0.000000 2.089889 0.000000 0.000000 1.000000 0.000000
-0.962197 -0.272356 0.000000 1.914464 0.272356 -0.962197 0.000000 2.116540 0.000000 0.000000 1.000000 0.000000
-0.874296 -0.485393 0.000000 1.749141 0.485393 -0.874296 0.000000 2.205256 0.000000 0.000000 1.000000 0.000000
-0.874296 -0.485393 0.000000 1.749141 0.485393 -0.874296 0.000000 2.205256 0.000000 0.000000 1.000000 0.000000
-0.751528 -0.659701 0.000000 1.566330 0.659701 -0.751528 0.000000 2.329356 0.000000 0.000000 1.000000 0.000000
-0.751528 -0.659701 0.000000 1.566330 0.659701 -0.751528 0.000000 2.329356 0.000000 0.000000 1.000000 0.000000
-0.571629 -0.820512 0.000000 1.429789 0.820512 -0.571629 0.000000 2.500177 0.000000 0.000000 1.000000 0.000000
-0.571629 -0.820512 0.000000 1.429789 0.820512 -0.571629 0.000000 2.500177 0.000000 0.000000 1.000000 0.000000
-0.375020 -0.927017 0.000000 1.342558 0.927017 -0.375020 0.000000 2.688305 0.000000 0.000000 1.000000 0.000000
-0.375020 -0.927017 0.000000 1.342558 0.927017 -0.375020 0.000000 2.688305 0.000000 0.000000 1.000000 0.000000
-0.153687 -0.988120 0.000000 1.321511 0.988120 -0.153687 0.000000 2.927292 0.000000 0.000000 1.000000 0.000000
-0.153687 -0.988120 0.000000 1.321511 0.988120 -0.153687 0.000000 2.927292 0.000000 0.000000 1.000000 0.000000
0.066081 -0.997814 0.000000 1.339456 0.997814 0.066081 0.000000 3.204286 0.000000 0.000000 1.000000 0.000000
0.066081 -0.997814 0.000000 1.339456 0.997814 0.066081 0.000000 3.204286 0.000000 0.000000 1.000000 0.000000
0.138874 -0.990310 0.000000 1.400625 0.990310 0.138874 0.000000 3.468591 0.000000 0.000000 1.000000 0.000000
0.138874 -0.990310 0.000000 1.400625 0.990310 0.138874 0.000000 3.468591 0.000000 0.000000 1.000000 0.000000
0.138874 -0.990310 0.000000 1.400625 0.990310 0.138874 0.000000 3.468591 0.000000 0.000000 1.000000 0.000000
0.138874 -0.990310 0.000000 1.400625 0.990310 0.138874 0.000000 3.468591 0.000000 0.000000 1.000000 0.000000
0.138874 -0.990310 0.000000 1.400625 0.990310 0.138874 0.000000 3.468591 0.000000 0.000000 1.000000 0.000000
0.138874 -0.990310 0.000000 1.400625 0.990310 0.138874 0.000000 3.468591 0.000000 0.000000 1.000000 0.000000
0.138874 -0.990310 0.000000 1.400625 0.990310 0.138874 0.000000 3.468591 0.000000 0.000000 1.000000 0.000000
0.138874 -0.990310 0.000000 1.400625 0.990310 0.138874 0.000000 3.468591 0.000000 0.000000 1.000000 0.000000
0.138874 -0.990310 0.000000 1.400625 0.990310 0.138874 0.000000 3.468591 0.000000 0.000000 1.000000 0.000000
0.138874 -0.990310 0.000000 1.400625 0.990310 0.138874 0.000000 3.468591 0.000000 0.000000 1.000000 0.000000
0.727776 -0.685814 0.000000 1.532156 0.685814 0.727776 0.000000 3.606495 0.000000 0.000000 1.000000 0.000000
0.970122 0.242619 0.000000 1.691227 -0.242619 0.970122 -0.000000 3.543632 -0.000000 0.000000 1.000000 0.000000
0.644534 0.764575 0.000000 1.758249 -0.764575 0.644534 -0.000000 3.527000 -0.000000 0.000000 1.000000 0.000000
0.164790 0.986329 0.000000 1.785030 -0.986329 0.164790 -0.000000 3.492947 -0.000000 0.000000 1.000000 0.000000
0.434330 0.900754 0.000000 1.807756 -0.900754 0.434330 -0.000000 3.479704 -0.000000 0.000000 1.000000 0.000000
0.728408 0.685144 0.000000 1.811448 -0.685144 0.728408 -0.000000 3.478877 -0.000000 0.000000 1.000000 0.000000
0.728408 0.685144 0.000000 1.811448 -0.685144 0.728408 -0.000000 3.478877 -0.000000 0.000000 1.000000 0.000000
0.485838 0.874049 0.000000 1.808776 -0.874049 0.485838 -0.000000 3.503774 -0.000000 0.000000 1.000000 0.000000
-0.239370 0.970928 0.000000 1.811270 -0.970928 -0.239370 -0.000000 3.491826 -0.000000 0.000000 1.000000 0.000000
-0.239370 0.970928 0.000000 1.811270 -0.970928 -0.239370 -0.000000 3.491826 -0.000000 0.000000 1.000000 0.000000
-0.473376 0.880860 0.000000 1.810535 -0.880860 -0.473376 -0.000000 3.458634 -0.000000 0.000000 1.000000 0.000000
-0.878249 0.478204 0.000000 1.782626 -0.478204 -0.878249 -0.000000 3.426469 -0.000000 0.000000 1.000000 0.000000
-0.979107 0.203346 0.000000 1.743847 -0.203346 -0.979107 -0.000000 3.434130 -0.000000 0.000000 1.000000 0.000000
-0.889996 -0.455968 0.000000 1.819291 0.455968 -0.889996 0.000000 3.423306 0.000000 0.000000 1.000000 0.000000
-0.889996 -0.455968 0.000000 1.819291 0.455968 -0.889996 0.000000 3.423306 0.000000 0.000000 1.000000 0.000000
-0.590498 -0.807039 0.000000 1.863830 0.807039 -0.590498 0.000000 3.454309 0.000000 0.000000 1.000000 0.000000
-0.797256 -0.603641 0.000000 1.866260 0.603641 -0.797256 0.000000 3.449381 0.000000 0.000000 1.000000 0.000000
-0.797256 -0.603641 0.000000 1.866260 0.603641 -0.797256 0.000000 3.449381 0.000000 0.000000 1.000000 0.000000
-0.797256 -0.603641 0.000000 1.866260 0.603641 -0.797256 0.000000 3.449381 0.000000 0.000000 1.000000 0.000000
-0.643423 -0.765511 0.000000 1.864940 0.765511 -0.643423 0.000000 3.446581 0.000000 0.000000 1.000000 0.000000
-0.643423 -0.765511 0.000000 1.864940 0.765511 -0.643423 0.000000 3.446581 0.000000 0.000000 1.000000 0.000000
-0.643423 -0.765511 0.000000 1.864940 0.765511 -0.643423 0.000000 3.446581 0.000000 0.000000 1.000000 0.000000
-0.643423 -0.765511 0.000000 1.864940 0.765511 -0.643423 0.000000 3.446581 0.000000 0.000000 1.000000 0.000000
-0.643423 -0.765511 0.000000 1.864940 0.765511 -0.643423 0.000000 3.446581 0.000000 0.000000 1.000000 0.000000
-0.643423 -0.765511 0.000000 1.864940 0.765511 -0.643423 0.000000 3.446581 0.000000 0.000000 1.000000 0.000000
-0.643423 -0.765511 0.000000 1.864940 0.765511 -0.643423 0.000000 3.446581 0.000000 0.000000 1.000000 0.000000
-0.643423 -0.765511 0.000000 1.864940 0.765511 -0.643423 0.000000 3.446581 0.000000 0.000000 1.000000 0.000000
-0.643423 -0.765511 0.000000 1.864940 0.765511 -0.643423 0.000000 3.446581 0.000000 0.000000 1.000000 0.000000
-0.643423 -0.765511 0.000000 1.864940 0.765511 -0.643423 0.000000 3.446581 0.000000 0.000000 1.000000 0.000000
-0.643423 -0.765511 0.000000 1.864940 0.765511 -0.643423 0.000000 3.446581 0.000000 0.000000 1.000000 0.000000
-0.643423 -0.765511 0.000000 1.864940 0.765511 -0.643423 0.000000 3.446581 0.000000 0.000000 1.000000 0.000000
-0.643423 -0.765511 0.000000 1.864940 0.765511 -0.643423 0.000000 3.446581 0.000000 0.000000 1.000000 0.000000
-0.643423 -0.765511 0.000000 1.864940 0.765511 -0.643423 0.000000 3.446581 0.000000 0.000000 1.000000 0.000000
-0.643423 -0.765511 0.000000 1.864940 0.765511 -0.643423 0.000000 3.446581 0.000000 0.000000 1.000000 0.000000
-0.643423 -0.765511 0.000000 1.864940 0.765511 -0.643423 0.000000 3.446581 0.000000 0.000000 1.000000 0.000000
-0.643423 -0.765511 0.000000 1.864940 0.765511 -0.643423 0.000000 3.446581 0.000000 0.000000 1.000000 0.000000
-0.643423 -0.765511 0.000000 1.864940 0.765511 -0.643423 0.000000 3.446581 0.000000 0.000000 1.000000 0.000000
-0.643423 -0.765511 0.000000 1.864940 0.765511 -0.643423 0.000000 3.446581 0.000000 0.000000 1.000000 0.000000
-0.643423 -0.765511 0.000000 1.864940 0.765511 -0.643423 0.000000 3.446581 0.000000 0.000000 1.000000 0.000000
-0.643423 -0.765511 0.000000 1.864940 0.765511 -0.643423 0.000000 3.446581 0.000000 0.000000 1.000000 0.000000
-0.643423 -0.765511 0.000000 1.864940 0.765511 -0.643423 0.000000 3.446581 0.000000 0.000000 1.000000 0.000000
-0.643423 -0.765511 0.000000 1.864940 0.765511 -0.643423 0.000000 3.446581 0.000000 0.000000 1.000000 0.000000
-0.643423 -0.765511 0.000000 1.864940 0.765511 -0.643423 0.000000 3.446581 0.000000 0.000000 1.000000 0.000000
-0.643423 -0.765511 0.000000 1.864940 0.765511 -0.643423 0.000000 3.446581 0.000000 0.000000 1.000000 0.000000
-0.643423 -0.765511 0.000000 1.864940 0.765511 -0.643423 0.000000 3.446581 0.000000 0.000000 1.000000 0.000000
-0.643423 -0.765511 0.000000 1.864940 0.765511 -0.643423 0.000000 3.446581 0.000000 0.000000 1.000000 0.000000
-0.643423 -0.765511 0.000000 1.864940 0.765511 -0.643423 0.000000 3.446581 0.000000 0.000000 1.000000 0.000000
-0.643423 -0.765511 0.000000 1.864940 0.765511 -0.643423 0.000000 3.446581 0.000000 0.000000 1.000000 0.000000
-0.643423 -0.765511 0.000000 1.864940 0.765511 -0.643423 0.000000 3.446581 0.000000 0.000000 1.000000 0.000000
-0.643423 -0.765511 0.000000 1.864940 0.765511 -0.643423 0.000000 3.446581 0.000000 0.000000 1.000000 0.000000
-0.643423 -0.765511 0.000000 1.864940 0.765511 -0.643423 0.000000 3.446581 0.000000 0.000000 1.000000 0.000000
-0.643423 -0.765511 0.000000 1.864940 0.765511 -0.643423 0.000000 3.446581 0.000000 0.000000 1.000000 0.000000
-0.643423 -0.765511 0.000000 1.864940 0.765511 -0.643423 0.000000 3.446581 0.000000 0.000000 1.000000 0.000000
-0.643423 -0.765511 0.000000 1.864940 0.765511 -0.643423 0.000000 3.446581 0.000000 0.000000 1.000000 0.000000
-0.643423 -0.765511 0.000000 1.864940 0.765511 -0.643423 0.000000 3.446581 0.000000 0.000000 1.000000 0.000000
-0.643423 -0.765511 0.000000 1.864940 0.765511 -0.643423 0.000000 3.446581 0.000000 0.000000 1.000000 0.000000
-0.643423 -0.765511 0.000000 1.864940 0.765511 -0.643423 0.000000 3.446581 0.000000 0.000000 1.000000 0.000000
-0.643423 -0.765511 0.000000 1.864940 0.765511 -0.643423 0.000000 3.446581 0.000000 0.000000 1.000000 0.000000
-0.643423 -0.765511 0.000000 1.864940 0.765511 -0.643423 0.000000 3.446581 0.000000 0.000000 1.000000 0.000000
-0.643423 -0.765511 0.000000 1.864940 0.765511 -0.643423 0.000000 3.446581 0.000000 0.000000 1.000000 0.000000
-0.643423 -0.765511 0.000000 1.864940 0.765511 -0.643423 0.000000 3.446581 0.000000 0.000000 1.000000 0.000000
-0.643423 -0.765511 0.000000 1.864940 0.765511 -0.643423 0.000000 3.446581 0.000000 0.000000 1.000000 0.000000
-0.643423 -0.765511 0.000000 1.864940 0.765511 -0.643423 0.000000 3.446581 0.000000 0.000000 1.000000 0.000000
-0.643423 -0.765511 0.000000 1.864940 0.765511 -0.643423 0.000000 3.446581 0.000000 0.000000 1.000000 0.000000
-0.643423 -0.765511 0.000000 1.864940 0.765511 -0.643423 0.000000 3.446581 0.000000 0.000000 1.000000 0.000000
-0.643423 -0.765511 0.000000 1.864940 0.765511 -0.643423 0.000000 3.446581 0.000000 0.000000 1.000000 0.000000
-0.643423 -0.765511 0.000000 1.864940 0.765511 -0.643423 0.000000 3.446581 0.000000 0.000000 1.000000 0.000000
-0.643423 -0.765511 0.000000 1.864940 0.765511 -0.643423 0.000000 3.446581 0.000000 0.000000 1.000000 0.000000
-0.643423 -0.765511 0.000000 1.864940 0.765511 -0.643423 0.000000 3.446581 0.000000 0.000000 1.000000 0.000000
-0.643423 -0.765511 0.000000 1.864940 0.765511 -0.643423 0.000000 3.446581 0.000000 0.000000 1.000000 0.000000
-0.643423 -0.765511 0.000000 1.864940 0.765511 -0.643423 0.000000 3.446581 0.000000 0.000000 1.000000 0.000000
-0.643423 -0.765511 0.000000 1.864940 0.765511 -0.643423 0.000000 3.446581 0.000000 0.000000 1.000000 0.000000
-0.643423 -0.765511 0.000000 1.864940 0.765511 -0.643423 0.000000 3.446581 0.000000 0.000000 1.000000 0.000000
-0.643423 -0.765511 0.000000 1.864940 0.765511 -0.643423 0.000000 3.446581 0.000000 0.000000 1.000000 0.000000
-0.643423 -0.765511 0.000000 1.864940 0.765511 -0.643423 0.000000 3.446581 0.000000 0.000000 1.000000 0.000000
-0.643423 -0.765511 0.000000 1.864940 0.765511 -0.643423 0.000000 3.446581 0.000000 0.000000 1.000000 0.000000
-0.643423 -0.765511 0.000000 1.864940 0.765511 -0.643423 0.000000 3.446581 0.000000 0.000000 1.000000 0.000000
-0.643423 -0.765511 0.000000 1.864940 0.765511 -0.643423 0.000000 3.446581 0.000000 0.000000 1.000000 0.000000
-0.643423 -0.765511 0.000000 1.864940 0.765511 -0.643423 0.000000 3.446581 0.000000 0.000000 1.000000 0.000000
-0.643423 -0.765511 0.000000 1.864940 0.765511 -0.643423 0.000000 3.446581 0.000000 0.000000 1.000000 0.000000
-0.643423 -0.765511 0.000000 1.864940 0.765511 -0.643423 0.000000 3.446581 0.000000 0.000000 1.000000 0.000000
-0.643423 -0.765511 0.000000 1.864940 0.765511 -0.643423 0.000000 3.446581 0.000000 0.000000 1.000000 0.000000
-0.643423 -0.765511 0.000000 1.864940 0.765511 -0.643423 0.000000 3.446581 0.000000 0.000000 1.000000 0.000000
-0.643423 -0.765511 0.000000 1.864940 0.765511 -0.643423 0.000000 3.446581 0.000000 0.000000 1.000000 0.000000
-0.643423 -0.765511 0.000000 1.864940 0.765511 -0.643423 0.000000 3.446581 0.000000 0.000000 1.000000 0.000000
-0.643423 -0.765511 0.000000 1.864940 0.765511 -0.643423 0.000000 3.446581 0.000000 0.000000 1.000000 0.000000
-0.643423 -0.765511 0.000000 1.864940 0.765511 -0.643423 0.000000 3.446581 0.000000 0.000000 1.000000 0.000000
-0.643423 -0.765511 0.000000 1.864940 0.765511 -0.643423 0.000000 3.446581 0.000000 0.000000 1.000000 0.000000
-0.643423 -0.765511 0.000000 1.864940 0.765511 -0.643423 0.000000 3.446581 0.000000 0.000000 1.000000 0.000000
-0.643423 -0.765511 0.000000 1.864940 0.765511 -0.643423 0.000000 3.446581 0.000000 0.000000 1.000000 0.000000
-0.643423 -0.765511 0.000000 1.864940 0.765511 -0.643423 0.000000 3.446581 0.000000 0.000000 1.000000 0.000000
-0.643423 -0.765511 0.000000 1.864940 0.765511 -0.643423 0.000000 3.446581 0.000000 0.000000 1.000000 0.000000
-0.643423 -0.765511 0.000000 1.864940 0.765511 -0.643423 0.000000 3.446581 0.000000 0.000000 1.000000 0.000000
-0.643423 -0.765511 0.000000 1.864940 0.765511 -0.643423 0.000000 3.446581 0.000000 0.000000 1.000000 0.000000
-0.643423 -0.765511 0.000000 1.864940 0.765511 -0.643423 0.000000 3.446581 0.000000 0.000000 1.000000 0.000000
-0.643423 -0.765511 0.000000 1.864940 0.765511 -0.643423 0.000000 3.446581 0.000000 0.000000 1.000000 0.000000
-0.643423 -0.765511 0.000000 1.864940 0.765511 -0.643423 0.000000 3.446581 0.000000 0.000000 1.000000 0.000000
-0.643423 -0.765511 0.000000 1.864940 0.765511 -0.643423 0.000000 3.446581 0.000000 0.000000 1.000000 0.000000
-0.643423 -0.765511 0.000000 1.864940 0.765511 -0.643423 0.000000 3.446581 0.000000 0.000000 1.000000 0.000000
-0.643423 -0.765511 0.000000 1.864940 0.765511 -0.643423 0.000000 3.446581 0.000000 0.000000 1.000000 0.000000
-0.643423 -0.765511 0.000000 1.864940 0.765511 -0.643423 0.000000 3.446581 0.000000 0.000000 1.000000 0.000000
-0.643423 -0.765511 0.000000 1.864940 0.765511 -0.643423 0.000000 3.446581 0.000000 0.000000 1.000000 0.000000
-0.643423 -0.765511 0.000000 1.864940 0.765511 -0.643423 0.000000 3.446581 0.000000 0.000000 1.000000 0.000000
-0.643423 -0.765511 0.000000 1.864940 0.765511 -0.643423 0.000000 3.446581 0.000000 0.000000 1.000000 0.000000
-0.643423 -0.765511 0.000000 1.864940 0.765511 -0.643423 0.000000 3.446581 0.000000 0.000000 1.000000 0.000000
-0.643423 -0.765511 0.000000 1.864940 0.765511 -0.643423 0.000000 3.446581 0.000000 0.000000 1.000000 0.000000
-0.643423 -0.765511 0.000000 1.864940 0.765511 -0.643423 0.000000 3.446581 0.000000 0.000000 1.000000 0.000000
-0.643423 -0.765511 0.000000 1.864940 0.765511 -0.643423 0.000000 3.446581 0.000000 0.000000 1.000000 0.000000
-0.643423 -0.765511 0.000000 1.864940 0.765511 -0.643423 0.000000 3.446581 0.000000 0.000000 1.000000 0.000000
-0.643423 -0.765511 0.000000 1.864940 0.765511 -0.643423 0.000000 3.446581 0.000000 0.000000 1.000000 0.000000
-0.643423 -0.765511 0.000000 1.864940 0.765511 -0.643423 0.000000 3.446581 0.000000 0.000000 1.000000 0.000000
-0.643423 -0.765511 0.000000 1.864940 0.765511 -0.643423 0.000000 3.446581 0.000000 0.000000 1.000000 0.000000
-0.643423 -0.765511 0.000000 1.864940 0.765511 -0.643423 0.000000 3.446581 0.000000 0.000000 1.000000 0.000000
-0.643423 -0.765511 0.000000 1.864940 0.765511 -0.643423 0.000000 3.446581 0.000000 0.000000 1.000000 0.000000
-0.643423 -0.765511 0.000000 1.864940 0.765511 -0.643423 0.000000 3.446581 0.000000 0.000000 1.000000 0.000000
-0.643423 -0.765511 0.000000 1.864940 0.765511 -0.643423 0.000000 3.446581 0.000000 0.000000 1.000000 0.000000
-0.643423 -0.765511 0.000000 1.864940 0.765511 -0.643423 0.000000 3.446581 0.000000 0.000000 1.000000 0.000000
-0.643423 -0.765511 0.000000 1.864940 0.765511 -0.643423 0.000000 3.446581 0.000000 0.000000 1.000000 0.000000
-0.643423 -0.765511 0.000000 1.864940 0.765511 -0.643423 0.000000 3.446581 0.000000 0.000000 1.000000 0.000000
-0.643423 -0.765511 0.000000 1.864940 0.765511 -0.643423 0.000000 3.446581 0.000000 0.000000 1.000000 0.000000
-0.643423 -0.765511 0.000000 1.864940 0.765511 -0.643423 0.000000 3.446581 0.000000 0.000000 1.000000 0.000000
-0.643423 -0.765511 0.000000 1.864940 0.765511 -0.643423 0.000000 3.446581 0.000000 0.000000 1.000000 0.000000
-0.643423 -0.765511 0.000000 1.864940 0.765511 -0.643423 0.000000 3.446581 0.000000 0.000000 1.000000 0.000000
-0.643423 -0.765511 0.000000 1.864940 0.765511 -0.643423 0.000000 3.446581 0.000000 0.000000 1.000000 0.000000
-0.643423 -0.765511 0.000000 1.864940 0.765511 -0.643423 0.000000 3.446581 0.000000 0.000000 1.000000 0.000000
-0.643423 -0.765511 0.000000 1.864940 0.765511 -0.643423 0.000000 3.446581 0.000000 0.000000 1.000000 0.000000
-0.643423 -0.765511 0.000000 1.864940 0.765511 -0.643423 0.000000 3.446581 0.000000 0.000000 1.000000 0.000000
-0.643423 -0.765511 0.000000 1.864940 0.765511 -0.643423 0.000000 3.446581 0.000000 0.000000 1.000000 0.000000
-0.643423 -0.765511 0.000000 1.864940 0.765511 -0.643423 0.000000 3.446581 0.000000 0.000000 1.000000 0.000000
-0.643423 -0.765511 0.000000 1.864940 0.765511 -0.643423 0.000000 3.446581 0.000000 0.000000 1.000000 0.000000
-0.643423 -0.765511 0.000000 1.864940 0.765511 -0.643423 0.000000 3.446581 0.000000 0.000000 1.000000 0.000000
-0.643423 -0.765511 0.000000 1.864940 0.765511 -0.643423 0.000000 3.446581 0.000000 0.000000 1.000000 0.000000
-0.643423 -0.765511 0.000000 1.864940 0.765511 -0.643423 0.000000 3.446581 0.000000 0.000000 1.000000 0.000000
-0.643423 -0.765511 0.000000 1.864940 0.765511 -0.643423 0.000000 3.446581 0.000000 0.000000 1.000000 0.000000
-0.643423 -0.765511 0.000000 1.864940 0.765511 -0.643423 0.000000 3.446581 0.000000 0.000000 1.000000 0.000000
-0.643423 -0.765511 0.000000 1.864940 0.765511 -0.643423 0.000000 3.446581 0.000000 0.000000 1.000000 0.000000
-0.643423 -0.765511 0.000000 1.864940 0.765511 -0.643423 0.000000 3.446581 0.000000 0.000000 1.000000 0.000000
-0.643423 -0.765511 0.000000 1.864940 0.765511 -0.643423 0.000000 3.446581 0.000000 0.000000 1.000000 0.000000
-0.643423 -0.765511 0.000000 1.864940 0.765511 -0.643423 0.000000 3.446581 0.000000 0.000000 1.000000 0.000000
-0.643423 -0.765511 0.000000 1.864940 0.765511 -0.643423 0.000000 3.446581 0.000000 0.000000 1.000000 0.000000
-0.643423 -0.765511 0.000000 1.864940 0.765511 -0.643423 0.000000 3.446581 0.000000 0.000000 1.000000 0.000000
-0.643423 -0.765511 0.000000 1.864940 0.765511 -0.643423 0.000000 3.446581 0.000000 0.000000 1.000000 0.000000
-0.643423 -0.765511 0.000000 1.864940 0.765511 -0.643423 0.000000 3.446581 0.000000 0.000000 1.000000 0.000000
-0.643423 -0.765511 0.000000 1.864940 0.765511 -0.643423 0.000000 3.446581 0.000000 0.000000 1.000000 0.000000
-0.643423 -0.765511 0.000000 1.864940 0.765511 -0.643423 0.000000 3.446581 0.000000 0.000000 1.000000 0.000000
-0.643423 -0.765511 0.000000 1.864940 0.765511 -0.643423 0.000000 3.446581 0.000000 0.000000 1.000000 0.000000
-0.643423 -0.765511 0.000000 1.864940 0.765511 -0.643423 0.000000 3.446581 0.000000 0.000000 1.000000 0.000000
-0.643423 -0.765511 0.000000 1.864940 0.765511 -0.643423 0.000000 3.446581 0.000000 0.000000 1.000000 0.000000
-0.643423 -0.765511 0.000000 1.864940 0.765511 -0.643423 0.000000 3.446581 0.000000 0.000000 1.000000 0.000000
-0.643423 -0.765511 0.000000 1.864940 0.765511 -0.643423 0.000000 3.446581 0.000000 0.000000 1.000000 0.000000
-0.643423 -0.765511 0.000000 1.864940 0.765511 -0.643423 0.000000 3.446581 0.000000 0.000000 1.000000 0.000000
-0.643423 -0.765511 0.000000 1.864940 0.765511 -0.643423 0.000000 3.446581 0.000000 0.000000 1.000000 0.000000
-0.643423 -0.765511 0.000000 1.864940 0.765511 -0.643423 0.000000 3.446581 0.000000 0.000000 1.000000 0.000000
-0.643423 -0.765511 0.000000 1.864940 0.765511 -0.643423 0.000000 3.446581 0.000000 0.000000 1.000000 0.000000
-0.643423 -0.765511 0.000000 1.864940 0.765511 -0.643423 0.000000 3.446581 0.000000 0.000000 1.000000 0.000000
-0.643423 -0.765511 0.000000 1.864940 0.765511 -0.643423 0.000000 3.446581 0.000000 0.000000 1.000000 0.000000
-0.643423 -0.765511 0.000000 1.864940 0.765511 -0.643423 0.000000 3.446581 0.000000 0.000000 1.000000 0.000000
-0.643423 -0.765511 0.000000 1.864940 0.765511 -0.643423 0.000000 3.446581 0.000000 0.000000 1.000000 0.000000
-0.643423 -0.765511 0.000000 1.864940 0.765511 -0.643423 0.000000 3.446581 0.000000 0.000000 1.000000 0.000000
-0.643423 -0.765511 0.000000 1.864940 0.765511 -0.643423 0.000000 3.446581 0.000000 0.000000 1.000000 0.000000
-0.643423 -0.765511 0.000000 1.864940 0.765511 -0.643423 0.000000 3.446581 0.000000 0.000000 1.000000 0.000000
-0.643423 -0.765511 0.000000 1.864940 0.765511 -0.643423 0.000000 3.446581 0.000000 0.000000 1.000000 0.000000
-0.643423 -0.765511 0.000000 1.864940 0.765511 -0.643423 0.000000 3.446581 0.000000 0.000000 1.000000 0.000000
-0.643423 -0.765511 0.000000 1.864940 0.765511 -0.643423 0.000000 3.446581 0.000000 0.000000 1.000000 0.000000
-0.643423 -0.765511 0.000000 1.864940 0.765511 -0.643423 0.000000 3.446581 0.000000 0.000000 1.000000 0.000000
-0.643423 -0.765511 0.000000 1.864940 0.765511 -0.643423 0.000000 3.446581 0.000000 0.000000 1.000000 0.000000
-0.643423 -0.765511 0.000000 1.864940 0.765511 -0.643423 0.000000 3.446581 0.000000 0.000000 1.000000 0.000000
-0.643423 -0.765511 0.000000 1.864940 0.765511 -0.643423 0.000000 3.446581 0.000000 0.000000 1.000000 0.000000
-0.643423 -0.765511 0.000000 1.864940 0.765511 -0.643423 0.000000 3.446581 0.000000 0.000000 1.000000 0.000000
-0.643423 -0.765511 0.000000 1.864940 0.765511 -0.643423 0.000000 3.446581 0.000000 0.000000 1.000000 0.000000
-0.643423 -0.765511 0.000000 1.864940 0.765511 -0.643423 0.000000 3.446581 0.000000 0.000000 1.000000 0.000000
-0.643423 -0.765511 0.000000 1.864940 0.765511 -0.643423 0.000000 3.446581 0.000000 0.000000 1.000000 0.000000
-0.643423 -0.765511 0.000000 1.864940 0.765511 -0.643423 0.000000 3.446581 0.000000 0.000000 1.000000 0.000000
-0.643423 -0.765511 0.000000 1.864940 0.765511 -0.643423 0.000000 3.446581 0.000000 0.000000 1.000000 0.000000
-0.643423 -0.765511 0.000000 1.864940 0.765511 -0.643423 0.000000 3.446581 0.000000 0.000000 1.000000 0.000000
-0.643423 -0.765511 0.000000 1.864940 0.765511 -0.643423 0.000000 3.446581 0.000000 0.000000 1.000000 0.000000
-0.643423 -0.765511 0.000000 1.864940 0.765511 -0.643423 0.000000 3.446581 0.000000 0.000000 1.000000 0.000000
-0.643423 -0.765511 0.000000 1.864940 0.765511 -0.643423 0.000000 3.446581 0.000000 0.000000 1.000000 0.000000
-0.643423 -0.765511 0.000000 1.864940 0.765511 -0.643423 0.000000 3.446581 0.000000 0.000000 1.000000 0.000000
-0.643423 -0.765511 0.000000 1.864940 0.765511 -0.643423 0.000000 3.446581 0.000000 0.000000 1.000000 0.000000
-0.643423 -0.765511 0.000000 1.864940 0.765511 -0.643423 0.000000 3.446581 0.000000 0.000000 1.000000 0.000000
-0.643423 -0.765511 0.000000 1.864940 0.765511 -0.643423 0.000000 3.446581 0.000000 0.000000 1.000000 0.000000
-0.643423 -0.765511 0.000000 1.864940 0.765511 -0.643423 0.000000 3.446581 0.000000 0.000000 1.000000 0.000000
-0.643423 -0.765511 0.000000 1.864940 0.765511 -0.643423 0.000000 3.446581 0.000000 0.000000 1.000000 0.000000
-0.643423 -0.765511 0.000000 1.864940 0.765511 -0.643423 0.000000 3.446581 0.000000 0.000000 1.000000 0.000000
-0.643423 -0.765511 0.000000 1.864940 0.765511 -0.643423 0.000000 3.446581 0.000000 0.000000 1.000000 0.000000
-0.643423 -0.765511 0.000000 1.864940 0.765511 -0.643423 0.000000 3.446581 0.000000 0.000000 1.000000 0.000000
-0.643423 -0.765511 0.000000 1.864940 0.765511 -0.643423 0.000000 3.446581 0.000000 0.000000 1.000000 0.000000
-0.643423 -0.765511 0.000000 1.864940 0.765511 -0.643423 0.000000 3.446581 0.000000 0.000000 1.000000 0.000000
-0.643423 -0.765511 0.000000 1.864940 0.765511 -0.643423 0.000000 3.446581 0.000000 0.000000 1.000000 0.000000
-0.643423 -0.765511 0.000000 1.864940 0.765511 -0.643423 0.000000 3.446581 0.000000 0.000000 1.000000 0.000000
-0.643423 -0.765511 0.000000 1.864940 0.765511 -0.643423 0.000000 3.446581 0.000000 0.000000 1.000000 0.000000
-0.643423 -0.765511 0.000000 1.864940 0.765511 -0.643423 0.000000 3.446581 0.000000 0.000000 1.000000 0.000000
-0.643423 -0.765511 0.000000 1.864940 0.765511 -0.643423 0.000000 3.446581 0.000000 0.000000 1.000000 0.000000
-0.643423 -0.765511 0.000000 1.864940 0.765511 -0.643423 0.000000 3.446581 0.000000 0.000000 1.000000 0.000000
-0.643423 -0.765511 0.000000 1.864940 0.765511 -0.643423 0.000000 3.446581 0.000000 0.000000 1.000000 0.000000
-0.643423 -0.765511 0.000000 1.864940 0.765511 -0.643423 0.000000 3.446581 0.000000 0.000000 1.000000 0.000000
-0.643423 -0.765511 0.000000 1.864940 0.765511 -0.643423 0.000000 3.446581 0.000000 0.000000 1.000000 0.000000
-0.643423 -0.765511 0.000000 1.864940 0.765511 -0.643423 0.000000 3.446581 0.000000 0.000000 1.000000 0.000000
-0.643423 -0.765511 0.000000 1.864940 0.765511 -0.643423 0.000000 3.446581 0.000000 0.000000 1.000000 0.000000
-0.643423 -0.765511 0.000000 1.864940 0.765511 -0.643423 0.000000 3.446581 0.000000 0.000000 1.000000 0.000000
-0.643423 -0.765511 0.000000 1.864940 0.765511 -0.643423 0.000000 3.446581 0.000000 0.000000 1.000000 0.000000
-0.643423 -0.765511 0.000000 1.864940 0.765511 -0.643423 0.000000 3.446581 0.000000 0.000000 1.000000 0.000000
-0.643423 -0.765511 0.000000 1.864940 0.765511 -0.643423 0.000000 3.446581 0.000000 0.000000 1.000000 0.000000
-0.643423 -0.765511 0.000000 1.864940 0.765511 -0.643423 0.000000 3.446581 0.000000 0.000000 1.000000 0.000000
-0.643423 -0.765511 0.000000 1.864940 0.765511 -0.643423 0.000000 3.446581 0.000000 0.000000 1.000000 0.000000
-0.643423 -0.765511 0.000000 1.864940 0.765511 -0.643423 0.000000 3.446581 0.000000 0.000000 1.000000 0.000000
-0.643423 -0.765511 0.000000 1.864940 0.765511 -0.643423 0.000000 3.446581 0.000000 0.000000 1.000000 0.000000
-0.643423 -0.765511 0.000000 1.864940 0.765511 -0.643423 0.000000 3.446581 0.000000 0.000000 1.000000 0.000000
-0.643423 -0.765511 0.000000 1.864940 0.765511 -0.643423 0.000000 3.446581 0.000000 0.000000 1.000000 0.000000
-0.643423 -0.765511 0.000000 1.864940 0.765511 -0.643423 0.000000 3.446581 0.000000 0.000000 1.000000 0.000000
-0.643423 -0.765511 0.000000 1.864940 0.765511 -0.643423 0.000000 3.446581 0.000000 0.000000 1.000000 0.000000
-0.643423 -0.765511 0.000000 1.864940 0.765511 -0.643423 0.000000 3.446581 0.000000 0.000000 1.000000 0.000000
-0.643423 -0.765511 0.000000 1.864940 0.765511 -0.643423 0.000000 3.446581 0.000000 0.000000 1.000000 0.000000
-0.643423 -0.765511 0.000000 1.864940 0.765511 -0.643423 0.000000 3.446581 0.000000 0.000000 1.000000 0.000000
-0.643423 -0.765511 0.000000 1.864940 0.765511 -0.643423 0.000000 3.446581 0.000000 0.000000 1.000000 0.000000
-0.643423 -0.765511 0.000000 1.864940 0.765511 -0.643423 0.000000 3.446581 0.000000 0.000000 1.000000 0.000000
-0.643423 -0.765511 0.000000 1.864940 0.765511 -0.643423 0.000000 3.446581 0.000000 0.000000 1.000000 0.000000
-0.643423 -0.765511 0.000000 1.864940 0.765511 -0.643423 0.000000 3.446581 0.000000 0.000000 1.000000 0.000000
-0.643423 -0.765511 0.000000 1.864940 0.765511 -0.643423 0.000000 3.446581 0.000000 0.000000 1.000000 0.000000
-0.643423 -0.765511 0.000000 1.864940 0.765511 -0.643423 0.000000 3.446581 0.000000 0.000000 1.000000 0.000000
-0.643423 -0.765511 0.000000 1.864940 0.765511 -0.643423 0.000000 3.446581 0.000000 0.000000 1.000000 0.000000
-0.643423 -0.765511 0.000000 1.864940 0.765511 -0.643423 0.000000 3.446581 0.000000 0.000000 1.000000 0.000000
-0.643423 -0.765511 0.000000 1.864940 0.765511 -0.643423 0.000000 3.446581 0.000000 0.000000 1.000000 0.000000
-0.643423 -0.765511 0.000000 1.864940 0.765511 -0.643423 0.000000 3.446581 0.000000 0.000000 1.000000 0.000000
-0.643423 -0.765511 0.000000 1.864940 0.765511 -0.643423 0.000000 3.446581 0.000000 0.000000 1.000000 0.000000
-0.643423 -0.765511 0.000000 1.864940 0.765511 -0.643423 0.000000 3.446581 0.000000 0.000000 1.000000 0.000000
-0.643423 -0.765511 0.000000 1.864940 0.765511 -0.643423 0.000000 3.446581 0.000000 0.000000 1.000000 0.000000
-0.643423 -0.765511 0.000000 1.864940 0.765511 -0.643423 0.000000 3.446581 0.000000 0.000000 1.000000 0.000000
-0.643423 -0.765511 0.000000 1.864940 0.765511 -0.643423 0.000000 3.446581 0.000000 0.000000 1.000000 0.000000
-0.643423 -0.765511 0.000000 1.864940 0.765511 -0.643423 0.000000 3.446581 0.000000 0.000000 1.000000 0.000000
-0.643423 -0.765511 0.000000 1.864940 0.765511 -0.643423 0.000000 3.446581 0.000000 0.000000 1.000000 0.000000
-0.643423 -0.765511 0.000000 1.864940 0.765511 -0.643423 0.000000 3.446581 0.000000 0.000000 1.000000 0.000000
-0.643423 -0.765511 0.000000 1.864940 0.765511 -0.643423 0.000000 3.446581 0.000000 0.000000 1.000000 0.000000
-0.643423 -0.765511 0.000000 1.864940 0.765511 -0.643423 0.000000 3.446581 0.000000 0.000000 1.000000 0.000000
-0.643423 -0.765511 0.000000 1.864940 0.765511 -0.643423 0.000000 3.446581 0.000000 0.000000 1.000000 0.000000
-0.643423 -0.765511 0.000000 1.864940 0.765511 -0.643423 0.000000 3.446581 0.000000 0.000000 1.000000 0.000000
-0.643423 -0.765511 0.000000 1.864940 0.765511 -0.643423 0.000000 3.446581 0.000000 0.000000 1.000000 0.000000
-0.643423 -0.765511 0.000000 1.864940 0.765511 -0.643423 0.000000 3.446581 0.000000 0.000000 1.000000 0.000000
-0.643423 -0.765511 0.000000 1.864940 0.765511 -0.643423 0.000000 3.446581 0.000000 0.000000 1.000000 0.000000
-0.643423 -0.765511 0.000000 1.864940 0.765511 -0.643423 0.000000 3.446581 0.000000 0.000000 1.000000 0.000000
-0.643423 -0.765511 0.000000 1.864940 0.765511 -0.643423 0.000000 3.446581 0.000000 0.000000 1.000000 0.000000
-0.643423 -0.765511 0.000000 1.864940 0.765511 -0.643423 0.000000 3.446581 0.000000 0.000000 1.000000 0.000000
-0.643423 -0.765511 0.000000 1.864940 0.765511 -0.643423 0.000000 3.446581 0.000000 0.000000 1.000000 0.000000
-0.643423 -0.765511 0.000000 1.864940 0.765511 -0.643423 0.000000 3.446581 0.000000 0.000000 1.000000 0.000000
-0.643423 -0.765511 0.000000 1.864940 0.765511 -0.643423 0.000000 3.446581 0.000000 0.000000 1.000000 0.000000
-0.643423 -0.765511 0.000000 1.864940 0.765511 -0.643423 0.000000 3.446581 0.000000 0.000000 1.000000 0.000000
-0.643423 -0.765511 0.000000 1.864940 0.765511 -0.643423 0.000000 3.446581 0.000000 0.000000 1.000000 0.000000
-0.643423 -0.765511 0.000000 1.864940 0.765511 -0.643423 0.000000 3.446581 0.000000 0.000000 1.000000 0.000000
-0.643423 -0.765511 0.000000 1.864940 0.765511 -0.643423 0.000000 3.446581 0.000000 0.000000 1.000000 0.000000
-0.643423 -0.765511 0.000000 1.864940 0.765511 -0.643423 0.000000 3.446581 0.000000 0.000000 1.000000 0.000000
-0.643423 -0.765511 0.000000 1.864940 0.765511 -0.643423 0.000000 3.446581 0.000000 0.000000 1.000000 0.000000
-0.643423 -0.765511 0.000000 1.864940 0.765511 -0.643423 0.000000 3.446581 0.000000 0.000000 1.000000 0.000000
-0.643423 -0.765511 0.000000 1.864940 0.765511 -0.643423 0.000000 3.446581 0.000000 0.000000 1.000000 0.000000
-0.643423 -0.765511 0.000000 1.864940 0.765511 -0.643423 0.000000 3.446581 0.000000 0.000000 1.000000 0.000000
-0.643423 -0.765511 0.000000 1.864940 0.765511 -0.643423 0.000000 3.446581 0.000000 0.000000 1.000000 0.000000
-0.643423 -0.765511 0.000000 1.864940 0.765511 -0.643423 0.000000 3.446581 0.000000 0.000000 1.000000 0.000000
-0.643423 -0.765511 0.000000 1.864940 0.765511 -0.643423 0.000000 3.446581 0.000000 0.000000 1.000000 0.000000
-0.643423 -0.765511 0.000000 1.864940 0.765511 -0.643423 0.000000 3.446581 0.000000 0.000000 1.000000 0.000000
-0.643423 -0.765511 0.000000 1.864940 0.765511 -0.643423 0.000000 3.446581 0.000000 0.000000 1.000000 0.000000
-0.643423 -0.765511 0.000000 1.864940 0.765511 -0.643423 0.000000 3.446581 0.000000 0.000000 1.000000 0.000000
-0.643423 -0.765511 0.000000 1.864940 0.765511 -0.643423 0.000000 3.446581 0.000000 0.000000 1.000000 0.000000
-0.643423 -0.765511 0.000000 1.864940 0.765511 -0.643423 0.000000 3.446581 0.000000 0.000000 1.000000 0.000000
-0.643423 -0.765511 0.000000 1.864940 0.765511 -0.643423 0.000000 3.446581 0.000000 0.000000 1.000000 0.000000
-0.643423 -0.765511 0.000000 1.864940 0.765511 -0.643423 0.000000 3.446581 0.000000 0.000000 1.000000 0.000000
-0.643423 -0.765511 0.000000 1.864940 0.765511 -0.643423 0.000000 3.446581 0.000000 0.000000 1.000000 0.000000
-0.643423 -0.765511 0.000000 1.864940 0.765511 -0.643423 0.000000 3.446581 0.000000 0.000000 1.000000 0.000000
-0.643423 -0.765511 0.000000 1.864940 0.765511 -0.643423 0.000000 3.446581 0.000000 0.000000 1.000000 0.000000
-0.643423 -0.765511 0.000000 1.864940 0.765511 -0.643423 0.000000 3.446581 0.000000 0.000000 1.000000 0.000000
-0.643423 -0.765511 0.000000 1.864940 0.765511 -0.643423 0.000000 3.446581 0.000000 0.000000 1.000000 0.000000
-0.643423 -0.765511 0.000000 1.864940 0.765511 -0.643423 0.000000 3.446581 0.000000 0.000000 1.000000 0.000000
-0.643423 -0.765511 0.000000 1.864940 0.765511 -0.643423 0.000000 3.446581 0.000000 0.000000 1.000000 0.000000
-0.643423 -0.765511 0.000000 1.864940 0.765511 -0.643423 0.000000 3.446581 0.000000 0.000000 1.000000 0.000000
-0.643423 -0.765511 0.000000 1.864940 0.765511 -0.643423 0.000000 3.446581 0.000000 0.000000 1.000000 0.000000
-0.643423 -0.765511 0.000000 1.864940 0.765511 -0.643423 0.000000 3.446581 0.000000 0.000000 1.000000 0.000000
-0.643423 -0.765511 0.000000 1.864940 0.765511 -0.643423 0.000000 3.446581 0.000000 0.000000 1.000000 0.000000
-0.643423 -0.765511 0.000000 1.864940 0.765511 -0.643423 0.000000 3.446581 0.000000 0.000000 1.000000 0.000000
-0.643423 -0.765511 0.000000 1.864940 0.765511 -0.643423 0.000000 3.446581 0.000000 0.000000 1.000000 0.000000
-0.643423 -0.765511 0.000000 1.864940 0.765511 -0.643423 0.000000 3.446581 0.000000 0.000000 1.000000 0.000000
-0.643423 -0.765511 0.000000 1.864940 0.765511 -0.643423 0.000000 3.446581 0.000000 0.000000 1.000000 0.000000
-0.643423 -0.765511 0.000000 1.864940 0.765511 -0.643423 0.000000 3.446581 0.000000 0.000000 1.000000 0.000000
-0.643423 -0.765511 0.000000 1.864940 0.765511 -0.643423 0.000000 3.446581 0.000000 0.000000 1.000000 0.000000
-0.643423 -0.765511 0.000000 1.864940 0.765511 -0.643423 0.000000 3.446581 0.000000 0.000000 1.000000 0.000000
-0.643423 -0.765511 0.000000 1.864940 0.765511 -0.643423 0.000000 3.446581 0.000000 0.000000 1.000000 0.000000
-0.643423 -0.765511 0.000000 1.864940 0.765511 -0.643423 0.000000 3.446581 0.000000 0.000000 1.000000 0.000000
-0.643423 -0.765511 0.000000 1.864940 0.765511 -0.643423 0.000000 3.446581 0.000000 0.000000 1.000000 0.000000
-0.643423 -0.765511 0.000000 1.864940 0.765511 -0.643423 0.000000 3.446581 0.000000 0.000000 1.000000 0.000000
-0.643423 -0.765511 0.000000 1.864940 0.765511 -0.643423 0.000000 3.446581 0.000000 0.000000 1.000000 0.000000
-0.643423 -0.765511 0.000000 1.864940 0.765511 -0.643423 0.000000 3.446581 0.000000 0.000000 1.000000 0.000000
-0.643423 -0.765511 0.000000 1.864940 0.765511 -0.643423 0.000000 3.446581 0.000000 0.000000 1.000000 0.000000
-0.643423 -0.765511 0.000000 1.864940 0.765511 -0.643423 0.000000 3.446581 0.000000 0.000000 1.000000 0.000000
-0.643423 -0.765511 0.000000 1.864940 0.765511 -0.643423 0.000000 3.446581 0.000000 0.000000 1.000000 0.000000
