0.999842 -0.017781 0.000000 0.374423 0.017781 0.999842 0.000000 0.215408 0.000000 0.000000 1.000000 0.000000
0.999842 -0.017781 0.000000 0.374423 0.017781 0.999842 0.000000 0.215408 0.000000 0.000000 1.000000 0.000000
0.989104 0.147217 0.000000 0.691070 -0.147217 0.989104 -0.000000 0.247182 -0.000000 0.000000 1.000000 0.000000
0.989104 0.147217 0.000000 0.691070 -0.147217 0.989104 -0.000000 0.247182 -0.000000 0.000000 1.000000 0.000000
0.981986 0.188954 0.000000 0.981532 -0.188954 0.981986 -0.000000 0.241035 -0.000000 0.000000 1.000000 0.000000
0.981986 0.188954 0.000000 0.981532 -0.188954 0.981986 -0.000000 0.241035 -0.000000 0.000000 1.000000 0.000000
0.991625 0.129147 0.000000 1.269992 -0.129147 0.991625 -0.000000 0.232721 -0.000000 0.000000 1.000000 0.000000
0.991625 0.129147 0.000000 1.269992 -0.129147 0.991625 -0.000000 0.232721 -0.000000 0.000000 1.000000 0.000000
0.991625 0.129147 0.000000 1.269992 -0.129147 0.991625 -0.000000 0.232721 -0.000000 0.000000 1.000000 0.000000
0.997022 0.077114 0.000000 1.586727 -0.077114 0.997022 -0.000000 0.205323 -0.000000 0.000000 1.000000 0.000000
0.997022 0.077114 0.000000 1.586727 -0.077114 0.997022 -0.000000 0.205323 -0.000000 0.000000 1.000000 0.000000
0.995534 0.094400 0.000000 1.875212 -0.094400 0.995534 -0.000000 0.181974 -0.000000 0.000000 1.000000 0.000000
0.995534 0.094400 0.000000 1.875212 -0.094400 0.995534 -0.000000 0.181974 -0.000000 0.000000 1.000000 0.000000
0.995534 0.094400 0.000000 1.875212 -0.094400 0.995534 -0.000000 0.181974 -0.000000 0.000000 1.000000 0.000000
0.995534 0.094400 0.000000 1.875212 -0.094400 0.995534 -0.000000 0.181974 -0.000000 0.000000 1.000000 0.000000
0.995483 0.094937 0.000000 2.155049 -0.094937 0.995483 -0.000000 0.159153 -0.000000 0.000000 1.000000 0.000000
0.995483 0.094937 0.000000 2.155049 -0.094937 0.995483 -0.000000 0.159153 -0.000000 0.000000 1.000000 0.000000
0.995483 0.094937 0.000000 2.155049 -0.094937 0.995483 -0.000000 0.159153 -0.000000 0.000000 1.000000 0.000000
0.995483 0.094937 0.000000 2.155049 -0.094937 0.995483 -0.000000 0.159153 -0.000000 0.000000 1.000000 0.000000
0.995483 0.094937 0.000000 2.155049 -0.094937 0.995483 -0.000000 0.159153 -0.000000 0.000000 1.000000 0.000000
0.995483 0.094937 0.000000 2.155049 -0.094937 0.995483 -0.000000 0.159153 -0.000000 0.000000 1.000000 0.000000
0.995483 0.094937 0.000000 2.155049 -0.094937 0.995483 -0.000000 0.159153 -0.000000 0.000000 1.000000 0.000000
0.993799 -0.111193 0.000000 2.266117 0.111193 0.993799 0.000000 0.159413 0.000000 0.000000 1.000000 0.000000
0.993799 -0.111193 0.000000 2.266117 0.111193 0.993799 0.000000 0.159413 0.000000 0.000000 1.000000 0.000000
0.953505 -0.301378 0.000000 2.264104 0.301378 0.953505 0.000000 0.138730 0.000000 0.000000 1.000000 0.000000
0.953505 -0.301378 0.000000 2.264104 0.301378 0.953505 0.000000 0.138730 0.000000 0.000000 1.000000 0.000000
0.876075 -0.482175 0.000000 2.286775 0.482175 0.876075 0.000000 0.122670 0.000000 0.000000 1.000000 0.000000
0.737338 -0.675524 0.000000 2.294850 0.675524 0.737338 0.000000 0.117175 0.000000 0.000000 1.000000 0.000000
0.547249 -0.836970 0.000000 2.302452 0.836970 0.547249 0.000000 0.111496 0.000000 0.000000 1.000000 0.000000
0.723919 -0.689885 0.000000 2.322153 0.689885 0.723919 0.000000 0.115919 0.000000 0.000000 1.000000 0.000000
0.723919 -0.689885 0.000000 2.322153 0.689885 0.723919 0.000000 0.115919 0.000000 0.000000 1.000000 0.000000
0.525098 -0.851042 0.000000 2.333001 0.851042 0.525098 0.000000 0.099457 0.000000 0.000000 1.000000 0.000000
0.286977 -0.957938 0.000000 2.333892 0.957938 0.286977 0.000000 0.090335 0.000000 0.000000 1.000000 0.000000
0.286977 -0.957938 0.000000 2.333892 0.957938 0.286977 0.000000 0.090335 0.000000 0.000000 1.000000 0.000000
0.286977 -0.957938 0.000000 2.333892 0.957938 0.286977 0.000000 0.090335 0.000000 0.000000 1.000000 0.000000
0.487150 -0.873318 0.000000 2.343768 0.873318 0.487150 0.000000 0.148697 0.000000 0.000000 1.000000 0.000000
0.693807 -0.720161 0.000000 2.358163 0.720161 0.693807 0.000000 0.132728 0.000000 0.000000 1.000000 0.000000
0.837703 -0.546126 0.000000 2.359485 0.546126 0.837703 0.000000 0.115837 0.000000 0.000000 1.000000 0.000000
0.837703 -0.546126 0.000000 2.359485 0.546126 0.837703 0.000000 0.115837 0.000000 0.000000 1.000000 0.000000
0.895983 -0.444088 0.000000 2.615077 0.444088 0.895983 0.000000 0.192511 0.000000 0.000000 1.000000 0.000000
0.895983 -0.444088 0.000000 2.615077 0.444088 0.895983 0.000000 0.192511 0.000000 0.000000 1.000000 0.000000
0.788171 -0.615456 0.000000 2.742872 0.615456 0.788171 0.000000 0.255556 0.000000 0.000000 1.000000 0.000000
0.621850 -0.783136 0.000000 2.848756 0.783136 0.621850 0.000000 0.346466 0.000000 0.000000 1.000000 0.000000
0.426351 -0.904558 0.000000 2.925174 0.904558 0.426351 0.000000 0.467950 0.000000 0.000000 1.000000 0.000000
0.200841 -0.979624 0.000000 2.954487 0.979624 0.200841 0.000000 0.577292 0.000000 0.000000 1.000000 0.000000
0.200841 -0.979624 0.000000 2.954487 0.979624 0.200841 0.000000 0.577292 0.000000 0.000000 1.000000 0.000000
0.067318 -0.997732 0.000000 2.982971 0.997732 0.067318 0.000000 0.858077 0.000000 0.000000 1.000000 0.000000
0.067318 -0.997732 0.000000 2.982971 0.997732 0.067318 0.000000 0.858077 0.000000 0.000000 1.000000 0.000000
0.067318 -0.997732 0.000000 2.982971 0.997732 0.067318 0.000000 0.858077 0.000000 0.000000 1.000000 0.000000
0.067318 -0.997732 0.000000 2.982971 0.997732 0.067318 0.000000 0.858077 0.000000 0.000000 1.000000 0.000000
0.067318 -0.997732 0.000000 2.982971 0.997732 0.067318 0.000000 0.858077 0.000000 0.000000 1.000000 0.000000
0.067318 -0.997732 0.000000 2.982971 0.997732 0.067318 0.000000 0.858077 0.000000 0.000000 1.000000 0.000000
0.067318 -0.997732 0.000000 2.982971 0.997732 0.067318 0.000000 0.858077 0.000000 0.000000 1.000000 0.000000
0.067318 -0.997732 0.000000 2.982971 0.997732 0.067318 0.000000 0.858077 0.000000 0.000000 1.000000 0.000000
0.067318 -0.997732 0.000000 2.982971 0.997732 0.067318 0.000000 0.858077 0.000000 0.000000 1.000000 0.000000
0.067318 -0.997732 0.000000 2.982971 0.997732 0.067318 0.000000 0.858077 0.000000 0.000000 1.000000 0.000000
0.008196 -0.999966 0.000000 2.996745 0.999966 0.008196 0.000000 1.145641 0.000000 0.000000 1.000000 0.000000
0.008196 -0.999966 0.000000 2.996745 0.999966 0.008196 0.000000 1.145641 0.000000 0.000000 1.000000 0.000000
0.008196 -0.999966 0.000000 2.996745 0.999966 0.008196 0.000000 1.145641 0.000000 0.000000 1.000000 0.000000
0.008196 -0.999966 0.000000 2.996745 0.999966 0.008196 0.000000 1.145641 0.000000 0.000000 1.000000 0.000000
0.008196 -0.999966 0.000000 2.996745 0.999966 0.008196 0.000000 1.145641 0.000000 0.000000 1.000000 0.000000
0.008196 -0.999966 0.000000 2.996745 0.999966 0.008196 0.000000 1.145641 0.000000 0.000000 1.000000 0.000000
0.008196 -0.999966 0.000000 2.996745 0.999966 0.008196 0.000000 1.145641 0.000000 0.000000 1.000000 0.000000
0.008196 -0.999966 0.000000 2.996745 0.999966 0.008196 0.000000 1.145641 0.000000 0.000000 1.000000 0.000000
0.008196 -0.999966 0.000000 2.996745 0.999966 0.008196 0.000000 1.145641 0.000000 0.000000 1.000000 0.000000
0.008196 -0.999966 0.000000 2.996745 0.999966 0.008196 0.000000 1.145641 0.000000 0.000000 1.000000 0.000000
0.008196 -0.999966 0.000000 2.996745 0.999966 0.008196 0.000000 1.145641 0.000000 0.000000 1.000000 0.000000
0.008196 -0.999966 0.000000 2.996745 0.999966 0.008196 0.000000 1.145641 0.000000 0.000000 1.000000 0.000000
0.008196 -0.999966 0.000000 2.996745 0.999966 0.008196 0.000000 1.145641 0.000000 0.000000 1.000000 0.000000
0.008196 -0.999966 0.000000 2.996745 0.999966 0.008196 0.000000 1.145641 0.000000 0.000000 1.000000 0.000000
0.008196 -0.999966 0.000000 2.996745 0.999966 0.008196 0.000000 1.145641 0.000000 0.000000 1.000000 0.000000
0.008196 -0.999966 0.000000 2.996745 0.999966 0.008196 0.000000 1.145641 0.000000 0.000000 1.000000 0.000000
0.208084 -0.978111 0.000000 2.994228 0.978111 0.208084 0.000000 1.120515 0.000000 0.000000 1.000000 0.000000
-0.020330 -0.999793 0.000000 2.999648 0.999793 -0.020330 0.000000 1.148339 0.000000 0.000000 1.000000 0.000000
-0.020330 -0.999793 0.000000 2.999648 0.999793 -0.020330 0.000000 1.148339 0.000000 0.000000 1.000000 0.000000
-0.020330 -0.999793 0.000000 2.999648 0.999793 -0.020330 0.000000 1.148339 0.000000 0.000000 1.000000 0.000000
-0.020330 -0.999793 0.000000 2.999648 0.999793 -0.020330 0.000000 1.148339 0.000000 0.000000 1.000000 0.000000
-0.020330 -0.999793 0.000000 2.999648 0.999793 -0.020330 0.000000 1.148339 0.000000 0.000000 1.000000 0.000000
-0.020330 -0.999793 0.000000 2.999648 0.999793 -0.020330 0.000000 1.148339 0.000000 0.000000 1.000000 0.000000
-0.020330 -0.999793 0.000000 2.999648 0.999793 -0.020330 0.000000 1.148339 0.000000 0.000000 1.000000 0.000000
-0.020330 -0.999793 0.000000 2.999648 0.999793 -0.020330 0.000000 1.148339 0.000000 0.000000 1.000000 0.000000
-0.020330 -0.999793 0.000000 2.999648 0.999793 -0.020330 0.000000 1.148339 0.000000 0.000000 1.000000 0.000000
-0.020330 -0.999793 0.000000 2.999648 0.999793 -0.020330 0.000000 1.148339 0.000000 0.000000 1.000000 0.000000
-0.020330 -0.999793 0.000000 2.999648 0.999793 -0.020330 0.000000 1.148339 0.000000 0.000000 1.000000 0.000000
-0.020330 -0.999793 0.000000 2.999648 0.999793 -0.020330 0.000000 1.148339 0.000000 0.000000 1.000000 0.000000
-0.020330 -0.999793 0.000000 2.999648 0.999793 -0.020330 0.000000 1.148339 0.000000 0.000000 1.000000 0.000000
-0.020330 -0.999793 0.000000 2.999648 0.999793 -0.020330 0.000000 1.148339 0.000000 0.000000 1.000000 0.000000
-0.020330 -0.999793 0.000000 2.999648 0.999793 -0.020330 0.000000 1.148339 0.000000 0.000000 1.000000 0.000000
-0.020330 -0.999793 0.000000 2.999648 0.999793 -0.020330 0.000000 1.148339 0.000000 0.000000 1.000000 0.000000
-0.020330 -0.999793 0.000000 2.999648 0.999793 -0.020330 0.000000 1.148339 0.000000 0.000000 1.000000 0.000000
-0.020330 -0.999793 0.000000 2.999648 0.999793 -0.020330 0.000000 1.148339 0.000000 0.000000 1.000000 0.000000
-0.020330 -0.999793 0.000000 2.999648 0.999793 -0.020330 0.000000 1.148339 0.000000 0.000000 1.000000 0.000000
-0.020330 -0.999793 0.000000 2.999648 0.999793 -0.020330 0.000000 1.148339 0.000000 0.000000 1.000000 0.000000
-0.020330 -0.999793 0.000000 2.999648 0.999793 -0.020330 0.000000 1.148339 0.000000 0.000000 1.000000 0.000000
-0.020330 -0.999793 0.000000 2.999648 0.999793 -0.020330 0.000000 1.148339 0.000000 0.000000 1.000000 0.000000
-0.020330 -0.999793 0.000000 2.999648 0.999793 -0.020330 0.000000 1.148339 0.000000 0.000000 1.000000 0.000000
-0.020330 -0.999793 0.000000 2.999648 0.999793 -0.020330 0.000000 1.148339 0.000000 0.000000 1.000000 0.000000
-0.020330 -0.999793 0.000000 2.999648 0.999793 -0.020330 0.000000 1.148339 0.000000 0.000000 1.000000 0.000000
-0.020330 -0.999793 0.000000 2.999648 0.999793 -0.020330 0.000000 1.148339 0.000000 0.000000 1.000000 0.000000
-0.020330 -0.999793 0.000000 2.999648 0.999793 -0.020330 0.000000 1.148339 0.000000 0.000000 1.000000 0.000000
-0.020330 -0.999793 0.000000 2.999648 0.999793 -0.020330 0.000000 1.148339 0.000000 0.000000 1.000000 0.000000
-0.020330 -0.999793 0.000000 2.999648 0.999793 -0.020330 0.000000 1.148339 0.000000 0.000000 1.000000 0.000000
-0.020330 -0.999793 0.000000 2.999648 0.999793 -0.020330 0.000000 1.148339 0.000000 0.000000 1.000000 0.000000
-0.020330 -0.999793 0.000000 2.999648 0.999793 -0.020330 0.000000 1.148339 0.000000 0.000000 1.000000 0.000000
-0.020330 -0.999793 0.000000 2.999648 0.999793 -0.020330 0.000000 1.148339 0.000000 0.000000 1.000000 0.000000
-0.020330 -0.999793 0.000000 2.999648 0.999793 -0.020330 0.000000 1.148339 0.000000 0.000000 1.000000 0.000000
-0.020330 -0.999793 0.000000 2.999648 0.999793 -0.020330 0.000000 1.148339 0.000000 0.000000 1.000000 0.000000
-0.020330 -0.999793 0.000000 2.999648 0.999793 -0.020330 0.000000 1.148339 0.000000 0.000000 1.000000 0.000000
-0.020330 -0.999793 0.000000 2.999648 0.999793 -0.020330 0.000000 1.148339 0.000000 0.000000 1.000000 0.000000
-0.466340 -0.884605 0.000000 2.988051 0.884605 -0.466340 0.000000 1.177678 0.000000 0.000000 1.000000 0.000000
-0.829748 -0.558139 0.000000 2.986147 0.558139 -0.829748 0.000000 1.166435 0.000000 0.000000 1.000000 0.000000
-0.995511 -0.094643 0.000000 2.977389 0.094643 -0.995511 0.000000 1.201814 0.000000 0.000000 1.000000 0.000000
-0.988800 0.149250 0.000000 2.992562 -0.149250 -0.988800 -0.000000 1.200766 -0.000000 0.000000 1.000000 0.000000
-0.941815 -0.336130 0.000000 2.978668 0.336130 -0.941815 0.000000 1.211204 0.000000 0.000000 1.000000 0.000000
-0.666168 -0.745802 0.000000 2.977666 0.745802 -0.666168 0.000000 1.206072 0.000000 0.000000 1.000000 0.000000
-0.483874 -0.875138 0.000000 2.974995 0.875138 -0.483874 0.000000 1.240892 0.000000 0.000000 1.000000 0.000000
-0.277368 -0.960764 0.000000 2.974359 0.960764 -0.277368 0.000000 1.248089 0.000000 0.000000 1.000000 0.000000
-0.277368 -0.960764 0.000000 2.974359 0.960764 -0.277368 0.000000 1.248089 0.000000 0.000000 1.000000 0.000000
-0.071838 -0.997416 0.000000 2.978993 0.997416 -0.071838 0.000000 1.261285 0.000000 0.000000 1.000000 0.000000
-0.071838 -0.997416 0.000000 2.978993 0.997416 -0.071838 0.000000 1.261285 0.000000 0.000000 1.000000 0.000000
-0.071838 -0.997416 0.000000 2.978993 0.997416 -0.071838 0.000000 1.261285 0.000000 0.000000 1.000000 0.000000
-0.289026 -0.957321 0.000000 2.941567 0.957321 -0.289026 0.000000 1.589893 0.000000 0.000000 1.000000 0.000000
-0.289026 -0.957321 0.000000 2.941567 0.957321 -0.289026 0.000000 1.589893 0.000000 0.000000 1.000000 0.000000
-0.475806 -0.879550 0.000000 2.882677 0.879550 -0.475806 0.000000 1.726536 0.000000 0.000000 1.000000 0.000000
-0.666210 -0.745764 0.000000 2.816973 0.745764 -0.666210 0.000000 1.812282 0.000000 0.000000 1.000000 0.000000
-0.828622 -0.559809 0.000000 2.706857 0.559809 -0.828622 0.000000 1.917234 0.000000 0.000000 1.000000 0.000000
-0.930224 -0.366992 0.000000 2.563511 0.366992 -0.930224 0.000000 1.989413 0.000000 0.000000 1.000000 0.000000
-0.930224 -0.366992 0.000000 2.563511 0.366992 -0.930224 0.000000 1.989413 0.000000 0.000000 1.000000 0.000000
-0.987489 -0.157687 0.000000 2.333772 0.157687 -0.987489 0.000000 2.049394 0.000000 0.000000 1.000000 0.000000
-0.987489 -0.157687 0.000000 2.333772 0.157687 -0.987489 0.000000 2.049394 0.000000 0.000000 1.000000 0.000000
-0.995794 -0.091618 0.000000 2.062269 0.091618 -0.995794 0.000000 2.069710 0.000000 0.000000 1.000000 0.000000
-0.995794 -0.091618 0.000000 2.062269 0.091618 -0.995794 0.000000 2.069710 0.000000 0.000000 1.000000 0.000000
-0.995794 -0.091618 0.000000 2.062269 0.091618 -0.995794 0.000000 2.069710 0.000000 0.000000 1.000000 0.000000
-0.992035 -0.125963 0.000000 1.771488 0.125963 -0.992035 0.000000 2.108724 0.000000 0.000000 1.000000 0.000000
-0.992035 -0.125963 0.000000 1.771488 0.125963 -0.992035 0.000000 2.108724 0.000000 0.000000 1.000000 0.000000
-0.937076 -0.349126 0.000000 1.661478 0.349126 -0.937076 0.000000 2.125696 0.000000 0.000000 1.000000 0.000000
-0.811233 -0.584723 0.000000 1.680861 0.584723 -0.811233 0.000000 2.124627 0.000000 0.000000 1.000000 0.000000
-0.666265 -0.745715 0.000000 1.683160 0.745715 -0.666265 0.000000 2.119279 0.000000 0.000000 1.000000 0.000000
-0.511519 -0.859272 0.000000 1.675686 0.859272 -0.511519 0.000000 2.114782 0.000000 0.000000 1.000000 0.000000
-0.320401 -0.947282 0.000000 1.672637 0.947282 -0.320401 0.000000 2.132610 0.000000 0.000000 1.000000 0.000000
-0.320401 -0.947282 0.000000 1.672637 0.947282 -0.320401 0.000000 2.132610 0.000000 0.000000 1.000000 0.000000
-0.320401 -0.947282 0.000000 1.672637 0.947282 -0.320401 0.000000 2.132610 0.000000 0.000000 1.000000 0.000000
-0.320401 -0.947282 0.000000 1.672637 0.947282 -0.320401 0.000000 2.132610 0.000000 0.000000 1.000000 0.000000
-0.320401 -0.947282 0.000000 1.672637 0.947282 -0.320401 0.000000 2.132610 0.000000 0.000000 1.000000 0.000000
-0.320401 -0.947282 0.000000 1.672637 0.947282 -0.320401 0.000000 2.132610 0.000000 0.000000 1.000000 0.000000
-0.320401 -0.947282 0.000000 1.672637 0.947282 -0.320401 0.000000 2.132610 0.000000 0.000000 1.000000 0.000000
-0.320401 -0.947282 0.000000 1.672637 0.947282 -0.320401 0.000000 2.132610 0.000000 0.000000 1.000000 0.000000
-0.320401 -0.947282 0.000000 1.672637 0.947282 -0.320401 0.000000 2.132610 0.000000 0.000000 1.000000 0.000000
-0.320401 -0.947282 0.000000 1.672637 0.947282 -0.320401 0.000000 2.132610 0.000000 0.000000 1.000000 0.000000
-0.064908 -0.997891 0.000000 1.687345 0.997891 -0.064908 0.000000 2.073547 0.000000 0.000000 1.000000 0.000000
0.786086 -0.618117 0.000000 1.653945 0.618117 0.786086 0.000000 1.920182 0.000000 0.000000 1.000000 0.000000
0.999716 -0.023837 0.000000 1.601237 0.023837 0.999716 0.000000 1.894071 0.000000 0.000000 1.000000 0.000000
0.753932 0.656952 0.000000 1.516954 -0.656952 0.753932 -0.000000 1.843913 -0.000000 0.000000 1.000000 0.000000
0.553508 0.832844 0.000000 1.483527 -0.832844 0.553508 -0.000000 1.805135 -0.000000 0.000000 1.000000 0.000000
-0.108690 0.994076 0.000000 1.419949 -0.994076 -0.108690 -0.000000 1.775846 -0.000000 0.000000 1.000000 0.000000
-0.626685 0.779273 0.000000 1.379769 -0.779273 -0.626685 -0.000000 1.807179 -0.000000 0.000000 1.000000 0.000000
-0.926454 0.376409 0.000000 1.359924 -0.376409 -0.926454 -0.000000 1.759153 -0.000000 0.000000 1.000000 0.000000
-0.989006 0.147875 0.000000 1.390150 -0.147875 -0.989006 -0.000000 1.722691 -0.000000 0.000000 1.000000 0.000000
-0.999456 -0.032989 0.000000 1.430159 0.032989 -0.999456 0.000000 1.678159 0.000000 0.000000 1.000000 0.000000
-0.905150 -0.425092 0.000000 1.428949 0.425092 -0.905150 0.000000 1.633119 0.000000 0.000000 1.000000 0.000000
-0.519667 -0.854369 0.000000 1.393916 0.854369 -0.519667 0.000000 1.598975 0.000000 0.000000 1.000000 0.000000
-0.323614 -0.946189 0.000000 1.366883 0.946189 -0.323614 0.000000 1.568420 0.000000 0.000000 1.000000 0.000000
-0.323614 -0.946189 0.000000 1.366883 0.946189 -0.323614 0.000000 1.568420 0.000000 0.000000 1.000000 0.000000
-0.323614 -0.946189 0.000000 1.366883 0.946189 -0.323614 0.000000 1.568420 0.000000 0.000000 1.000000 0.000000
-0.323614 -0.946189 0.000000 1.366883 0.946189 -0.323614 0.000000 1.568420 0.000000 0.000000 1.000000 0.000000
-0.323614 -0.946189 0.000000 1.366883 0.946189 -0.323614 0.000000 1.568420 0.000000 0.000000 1.000000 0.000000
-0.323614 -0.946189 0.000000 1.366883 0.946189 -0.323614 0.000000 1.568420 0.000000 0.000000 1.000000 0.000000
-0.323614 -0.946189 0.000000 1.366883 0.946189 -0.323614 0.000000 1.568420 0.000000 0.000000 1.000000 0.000000
-0.323614 -0.946189 0.000000 1.366883 0.946189 -0.323614 0.000000 1.568420 0.000000 0.000000 1.000000 0.000000
-0.323614 -0.946189 0.000000 1.366883 0.946189 -0.323614 0.000000 1.568420 0.000000 0.000000 1.000000 0.000000
-0.323614 -0.946189 0.000000 1.366883 0.946189 -0.323614 0.000000 1.568420 0.000000 0.000000 1.000000 0.000000
-0.323614 -0.946189 0.000000 1.366883 0.946189 -0.323614 0.000000 1.568420 0.000000 0.000000 1.000000 0.000000
-0.323614 -0.946189 0.000000 1.366883 0.946189 -0.323614 0.000000 1.568420 0.000000 0.000000 1.000000 0.000000
-0.323614 -0.946189 0.000000 1.366883 0.946189 -0.323614 0.000000 1.568420 0.000000 0.000000 1.000000 0.000000
-0.323614 -0.946189 0.000000 1.366883 0.946189 -0.323614 0.000000 1.568420 0.000000 0.000000 1.000000 0.000000
-0.323614 -0.946189 0.000000 1.366883 0.946189 -0.323614 0.000000 1.568420 0.000000 0.000000 1.000000 0.000000
-0.323614 -0.946189 0.000000 1.366883 0.946189 -0.323614 0.000000 1.568420 0.000000 0.000000 1.000000 0.000000
-0.323614 -0.946189 0.000000 1.366883 0.946189 -0.323614 0.000000 1.568420 0.000000 0.000000 1.000000 0.000000
-0.323614 -0.946189 0.000000 1.366883 0.946189 -0.323614 0.000000 1.568420 0.000000 0.000000 1.000000 0.000000
-0.323614 -0.946189 0.000000 1.366883 0.946189 -0.323614 0.000000 1.568420 0.000000 0.000000 1.000000 0.000000
