-0.089673 0.995970 -0.001439 9.622996 -0.995964 -0.089667 0.004028 -2.816366 0.003883 0.001794 0.999991 -0.043886
0.662928 0.748680 -0.002181 9.597060 -0.748676 0.662932 0.002312 -2.998410 0.003177 0.000100 0.999995 -0.043464
0.662928 0.748680 -0.002181 9.597060 -0.748676 0.662932 0.002312 -2.998410 0.003177 0.000100 0.999995 -0.043464
-0.420840 0.907132 0.002235 9.861603 -0.907110 -0.420846 0.006416 -2.761384 0.006761 0.000673 0.999977 -0.044970
-0.420840 0.907132 0.002254 9.861603 -0.907109 -0.420846 0.006438 -2.761384 0.006789 0.000665 0.999977 -0.044970
-0.420840 0.907132 0.002287 9.861603 -0.907109 -0.420845 0.006561 -2.761384 0.006914 0.000687 0.999976 -0.044970
-0.420840 0.907132 0.002224 9.861603 -0.907109 -0.420846 0.006538 -2.761384 0.006867 0.000734 0.999976 -0.044970
-0.420840 0.907132 0.002220 9.861603 -0.907109 -0.420845 0.006503 -2.761384 0.006833 0.000723 0.999976 -0.044970
-0.420840 0.907132 0.002302 9.861603 -0.907109 -0.420846 0.006508 -2.761384 0.006872 0.000651 0.999976 -0.044970
-0.420840 0.907132 0.002278 9.861603 -0.907109 -0.420846 0.006497 -2.761384 0.006853 0.000668 0.999976 -0.044970
-0.420841 0.907132 0.002137 9.861603 -0.907109 -0.420845 0.006559 -2.761384 0.006849 0.000821 0.999976 -0.044970
-0.420840 0.907132 0.002189 9.861603 -0.907109 -0.420845 0.006554 -2.761384 0.006867 0.000772 0.999976 -0.044970
-0.420840 0.907132 0.002202 9.861603 -0.907109 -0.420845 0.006502 -2.761384 0.006825 0.000738 0.999976 -0.044970
-0.420839 0.907132 0.002222 9.861603 -0.907110 -0.420845 0.006451 -2.761384 0.006787 0.000699 0.999977 -0.044970
-0.420840 0.907132 0.002137 9.861603 -0.907109 -0.420845 0.006504 -2.761384 0.006799 0.000798 0.999977 -0.044970
-0.420840 0.907132 0.002035 9.861603 -0.907110 -0.420844 0.006496 -2.761384 0.006749 0.000888 0.999977 -0.044970
-0.420840 0.907132 0.002037 9.861603 -0.907109 -0.420844 0.006548 -2.761384 0.006797 0.000908 0.999976 -0.044970
-0.420841 0.907132 0.002041 9.861603 -0.907109 -0.420845 0.006583 -2.761384 0.006831 0.000919 0.999976 -0.044970
-0.420841 0.907132 0.002041 9.861603 -0.907109 -0.420845 0.006583 -2.761384 0.006831 0.000919 0.999976 -0.044970
