0.987194 -0.159526 0.000000 2.982032 0.159526 0.987194 0.000000 2.766367 0.000000 0.000000 1.000000 0.000000
0.975159 -0.221508 0.000000 3.046237 0.221508 0.975159 0.000000 2.862353 0.000000 0.000000 1.000000 0.000000
0.931179 -0.364561 0.000000 3.070125 0.364561 0.931179 0.000000 3.003781 0.000000 0.000000 1.000000 0.000000
0.722156 -0.691731 0.000000 3.112787 0.691731 0.722156 0.000000 3.095967 0.000000 0.000000 1.000000 0.000000
0.428627 -0.903481 0.000000 3.015200 0.903481 0.428627 0.000000 3.197666 0.000000 0.000000 1.000000 0.000000
0.279045 -0.960278 0.000000 2.936877 0.960278 0.279045 0.000000 3.376879 0.000000 0.000000 1.000000 0.000000
-0.107407 -0.994215 0.000000 2.797501 0.994215 -0.107407 0.000000 3.490495 0.000000 0.000000 1.000000 0.000000
-0.485177 -0.874416 0.000000 2.642750 0.874416 -0.485177 0.000000 3.598484 0.000000 0.000000 1.000000 0.000000
-0.759750 -0.650216 0.000000 2.517656 0.650216 -0.759750 0.000000 3.595964 0.000000 0.000000 1.000000 0.000000
-0.926215 -0.376995 0.000000 2.430966 0.376995 -0.926215 0.000000 3.558739 0.000000 0.000000 1.000000 0.000000
-0.999464 -0.032749 0.000000 2.292798 0.032749 -0.999464 0.000000 3.582894 0.000000 0.000000 1.000000 0.000000
-0.972754 -0.231840 0.000000 2.249930 0.231840 -0.972754 0.000000 3.510485 0.000000 0.000000 1.000000 0.000000
-0.913964 -0.405796 0.000000 2.184455 0.405796 -0.913964 0.000000 3.480680 0.000000 0.000000 1.000000 0.000000
-0.912425 -0.409243 0.000000 1.978876 0.409243 -0.912425 0.000000 3.546316 0.000000 0.000000 1.000000 0.000000
-0.991253 -0.131977 0.000000 1.953670 0.131977 -0.991253 0.000000 3.518958 0.000000 0.000000 1.000000 0.000000
-0.985498 0.169686 0.000000 1.901295 -0.169686 -0.985498 -0.000000 3.489715 -0.000000 0.000000 1.000000 0.000000
-0.904856 0.425717 0.000000 1.878871 -0.425717 -0.904856 -0.000000 3.421848 -0.000000 0.000000 1.000000 0.000000
-0.716401 0.697689 0.000000 1.800560 -0.697689 -0.716401 -0.000000 3.343455 -0.000000 0.000000 1.000000 0.000000
-0.442545 0.896746 0.000000 1.732692 -0.896746 -0.442545 -0.000000 3.251052 -0.000000 0.000000 1.000000 0.000000
-0.229855 0.973225 0.000000 1.729288 -0.973225 -0.229855 -0.000000 3.253968 -0.000000 0.000000 1.000000 0.000000
-0.161394 0.986890 0.000000 1.721222 -0.986890 -0.161394 -0.000000 3.043763 -0.000000 0.000000 1.000000 0.000000
0.216948 0.976183 0.000000 1.657417 -0.976183 0.216948 -0.000000 2.942574 -0.000000 0.000000 1.000000 0.000000
0.372924 0.927862 0.000000 1.700736 -0.927862 0.372924 -0.000000 2.783138 -0.000000 0.000000 1.000000 0.000000
0.097407 0.995245 0.000000 1.685087 -0.995245 0.097407 -0.000000 2.758163 -0.000000 0.000000 1.000000 0.000000
-0.169230 0.985577 0.000000 1.680769 -0.985577 -0.169230 -0.000000 2.739519 -0.000000 0.000000 1.000000 0.000000
-0.435807 0.900040 0.000000 1.731568 -0.900040 -0.435807 -0.000000 2.729434 -0.000000 0.000000 1.000000 0.000000
0.370208 0.928949 0.000000 0.853375 -0.928949 0.370208 -0.000000 0.134104 -0.000000 0.000000 1.000000 0.000000
-0.099746 0.995013 0.000000 0.862807 -0.995013 -0.099746 -0.000000 0.111961 -0.000000 0.000000 1.000000 0.000000
-0.564597 0.825367 0.000000 0.851726 -0.825367 -0.564597 -0.000000 0.013194 -0.000000 0.000000 1.000000 0.000000
-0.872039 0.489436 0.000000 0.760638 -0.489436 -0.872039 -0.000000 -0.061183 -0.000000 0.000000 1.000000 0.000000
-0.977417 0.211321 0.000000 0.691766 -0.211321 -0.977417 -0.000000 -0.099629 -0.000000 0.000000 1.000000 0.000000
-0.999944 -0.010604 0.000000 0.619824 0.010604 -0.999944 0.000000 -0.125456 0.000000 0.000000 1.000000 0.000000
-0.976729 -0.214479 0.000000 0.493945 0.214479 -0.976729 0.000000 -0.106940 0.000000 0.000000 1.000000 0.000000
-0.976729 -0.214479 0.000000 0.493945 0.214479 -0.976729 0.000000 -0.106940 0.000000 0.000000 1.000000 0.000000
-0.900629 -0.434589 0.000000 0.215801 0.434589 -0.900629 0.000000 -0.023476 0.000000 0.000000 1.000000 0.000000
-0.900629 -0.434589 0.000000 0.215801 0.434589 -0.900629 0.000000 -0.023476 0.000000 0.000000 1.000000 0.000000
-0.856588 -0.516001 0.000000 -0.012768 0.516001 -0.856588 0.000000 0.099178 0.000000 0.000000 1.000000 0.000000
-0.856588 -0.516001 0.000000 -0.012768 0.516001 -0.856588 0.000000 0.099178 0.000000 0.000000 1.000000 0.000000
-0.856588 -0.516001 0.000000 -0.012768 0.516001 -0.856588 0.000000 0.099178 0.000000 0.000000 1.000000 0.000000
-0.523104 -0.852269 0.000000 -0.201352 0.852269 -0.523104 0.000000 0.220929 0.000000 0.000000 1.000000 0.000000
-0.032123 -0.999484 0.000000 -0.226453 0.999484 -0.032123 0.000000 0.257266 0.000000 0.000000 1.000000 0.000000
0.424284 -0.905529 0.000000 -0.242099 0.905529 0.424284 0.000000 0.248982 0.000000 0.000000 1.000000 0.000000
0.632568 -0.774504 0.000000 -0.229877 0.774504 0.632568 0.000000 0.251486 0.000000 0.000000 1.000000 0.000000
0.808105 -0.589039 0.000000 -0.219384 0.589039 0.808105 0.000000 0.247457 0.000000 0.000000 1.000000 0.000000
0.808105 -0.589039 0.000000 -0.219384 0.589039 0.808105 0.000000 0.247457 0.000000 0.000000 1.000000 0.000000
0.914102 -0.405485 0.000000 -0.227181 0.405485 0.914102 0.000000 0.270436 0.000000 0.000000 1.000000 0.000000
0.976659 -0.214796 0.000000 -0.219497 0.214796 0.976659 0.000000 0.281040 0.000000 0.000000 1.000000 0.000000
0.976659 -0.214796 0.000000 -0.219497 0.214796 0.976659 0.000000 0.281040 0.000000 0.000000 1.000000 0.000000
0.976659 -0.214796 0.000000 -0.219497 0.214796 0.976659 0.000000 0.281040 0.000000 0.000000 1.000000 0.000000
0.976659 -0.214796 0.000000 -0.219497 0.214796 0.976659 0.000000 0.281040 0.000000 0.000000 1.000000 0.000000
0.976659 -0.214796 0.000000 -0.219497 0.214796 0.976659 0.000000 0.281040 0.000000 0.000000 1.000000 0.000000
0.976659 -0.214796 0.000000 -0.219497 0.214796 0.976659 0.000000 0.281040 0.000000 0.000000 1.000000 0.000000
0.976659 -0.214796 0.000000 -0.219497 0.214796 0.976659 0.000000 0.281040 0.000000 0.000000 1.000000 0.000000
0.976659 -0.214796 0.000000 -0.219497 0.214796 0.976659 0.000000 0.281040 0.000000 0.000000 1.000000 0.000000
0.976659 -0.214796 0.000000 -0.219497 0.214796 0.976659 0.000000 0.281040 0.000000 0.000000 1.000000 0.000000
0.976659 -0.214796 0.000000 -0.219497 0.214796 0.976659 0.000000 0.281040 0.000000 0.000000 1.000000 0.000000
0.976659 -0.214796 0.000000 -0.219497 0.214796 0.976659 0.000000 0.281040 0.000000 0.000000 1.000000 0.000000
0.976659 -0.214796 0.000000 -0.219497 0.214796 0.976659 0.000000 0.281040 0.000000 0.000000 1.000000 0.000000
0.976659 -0.214796 0.000000 -0.219497 0.214796 0.976659 0.000000 0.281040 0.000000 0.000000 1.000000 0.000000
0.976659 -0.214796 0.000000 -0.219497 0.214796 0.976659 0.000000 0.281040 0.000000 0.000000 1.000000 0.000000
0.976659 -0.214796 0.000000 -0.219497 0.214796 0.976659 0.000000 0.281040 0.000000 0.000000 1.000000 0.000000
0.976659 -0.214796 0.000000 -0.219497 0.214796 0.976659 0.000000 0.281040 0.000000 0.000000 1.000000 0.000000
0.976659 -0.214796 0.000000 -0.219497 0.214796 0.976659 0.000000 0.281040 0.000000 0.000000 1.000000 0.000000
0.976659 -0.214796 0.000000 -0.219497 0.214796 0.976659 0.000000 0.281040 0.000000 0.000000 1.000000 0.000000
0.976659 -0.214796 0.000000 -0.219497 0.214796 0.976659 0.000000 0.281040 0.000000 0.000000 1.000000 0.000000
0.976659 -0.214796 0.000000 -0.219497 0.214796 0.976659 0.000000 0.281040 0.000000 0.000000 1.000000 0.000000
0.976659 -0.214796 0.000000 -0.219497 0.214796 0.976659 0.000000 0.281040 0.000000 0.000000 1.000000 0.000000
0.976659 -0.214796 0.000000 -0.219497 0.214796 0.976659 0.000000 0.281040 0.000000 0.000000 1.000000 0.000000
0.976659 -0.214796 0.000000 -0.219497 0.214796 0.976659 0.000000 0.281040 0.000000 0.000000 1.000000 0.000000
0.976659 -0.214796 0.000000 -0.219497 0.214796 0.976659 0.000000 0.281040 0.000000 0.000000 1.000000 0.000000
0.976659 -0.214796 0.000000 -0.219497 0.214796 0.976659 0.000000 0.281040 0.000000 0.000000 1.000000 0.000000
0.976659 -0.214796 0.000000 -0.219497 0.214796 0.976659 0.000000 0.281040 0.000000 0.000000 1.000000 0.000000
0.976659 -0.214796 0.000000 -0.219497 0.214796 0.976659 0.000000 0.281040 0.000000 0.000000 1.000000 0.000000
0.976659 -0.214796 0.000000 -0.219497 0.214796 0.976659 0.000000 0.281040 0.000000 0.000000 1.000000 0.000000
0.976659 -0.214796 0.000000 -0.219497 0.214796 0.976659 0.000000 0.281040 0.000000 0.000000 1.000000 0.000000
0.976659 -0.214796 0.000000 -0.219497 0.214796 0.976659 0.000000 0.281040 0.000000 0.000000 1.000000 0.000000
0.976659 -0.214796 0.000000 -0.219497 0.214796 0.976659 0.000000 0.281040 0.000000 0.000000 1.000000 0.000000
0.976659 -0.214796 0.000000 -0.219497 0.214796 0.976659 0.000000 0.281040 0.000000 0.000000 1.000000 0.000000
0.976659 -0.214796 0.000000 -0.219497 0.214796 0.976659 0.000000 0.281040 0.000000 0.000000 1.000000 0.000000
0.976659 -0.214796 0.000000 -0.219497 0.214796 0.976659 0.000000 0.281040 0.000000 0.000000 1.000000 0.000000
0.976659 -0.214796 0.000000 -0.219497 0.214796 0.976659 0.000000 0.281040 0.000000 0.000000 1.000000 0.000000
0.976659 -0.214796 0.000000 -0.219497 0.214796 0.976659 0.000000 0.281040 0.000000 0.000000 1.000000 0.000000
0.976659 -0.214796 0.000000 -0.219497 0.214796 0.976659 0.000000 0.281040 0.000000 0.000000 1.000000 0.000000
0.976659 -0.214796 0.000000 -0.219497 0.214796 0.976659 0.000000 0.281040 0.000000 0.000000 1.000000 0.000000
0.976659 -0.214796 0.000000 -0.219497 0.214796 0.976659 0.000000 0.281040 0.000000 0.000000 1.000000 0.000000
0.976659 -0.214796 0.000000 -0.219497 0.214796 0.976659 0.000000 0.281040 0.000000 0.000000 1.000000 0.000000
0.976659 -0.214796 0.000000 -0.219497 0.214796 0.976659 0.000000 0.281040 0.000000 0.000000 1.000000 0.000000
0.976659 -0.214796 0.000000 -0.219497 0.214796 0.976659 0.000000 0.281040 0.000000 0.000000 1.000000 0.000000
0.976659 -0.214796 0.000000 -0.219497 0.214796 0.976659 0.000000 0.281040 0.000000 0.000000 1.000000 0.000000
0.976659 -0.214796 0.000000 -0.219497 0.214796 0.976659 0.000000 0.281040 0.000000 0.000000 1.000000 0.000000
0.976659 -0.214796 0.000000 -0.219497 0.214796 0.976659 0.000000 0.281040 0.000000 0.000000 1.000000 0.000000
0.976659 -0.214796 0.000000 -0.219497 0.214796 0.976659 0.000000 0.281040 0.000000 0.000000 1.000000 0.000000
0.976659 -0.214796 0.000000 -0.219497 0.214796 0.976659 0.000000 0.281040 0.000000 0.000000 1.000000 0.000000
0.976659 -0.214796 0.000000 -0.219497 0.214796 0.976659 0.000000 0.281040 0.000000 0.000000 1.000000 0.000000
0.976659 -0.214796 0.000000 -0.219497 0.214796 0.976659 0.000000 0.281040 0.000000 0.000000 1.000000 0.000000
0.976659 -0.214796 0.000000 -0.219497 0.214796 0.976659 0.000000 0.281040 0.000000 0.000000 1.000000 0.000000
0.976659 -0.214796 0.000000 -0.219497 0.214796 0.976659 0.000000 0.281040 0.000000 0.000000 1.000000 0.000000
0.976659 -0.214796 0.000000 -0.219497 0.214796 0.976659 0.000000 0.281040 0.000000 0.000000 1.000000 0.000000
0.976659 -0.214796 0.000000 -0.219497 0.214796 0.976659 0.000000 0.281040 0.000000 0.000000 1.000000 0.000000
0.976659 -0.214796 0.000000 -0.219497 0.214796 0.976659 0.000000 0.281040 0.000000 0.000000 1.000000 0.000000
0.976659 -0.214796 0.000000 -0.219497 0.214796 0.976659 0.000000 0.281040 0.000000 0.000000 1.000000 0.000000
0.976659 -0.214796 0.000000 -0.219497 0.214796 0.976659 0.000000 0.281040 0.000000 0.000000 1.000000 0.000000
0.976659 -0.214796 0.000000 -0.219497 0.214796 0.976659 0.000000 0.281040 0.000000 0.000000 1.000000 0.000000
0.976659 -0.214796 0.000000 -0.219497 0.214796 0.976659 0.000000 0.281040 0.000000 0.000000 1.000000 0.000000
0.976659 -0.214796 0.000000 -0.219497 0.214796 0.976659 0.000000 0.281040 0.000000 0.000000 1.000000 0.000000
0.976659 -0.214796 0.000000 -0.219497 0.214796 0.976659 0.000000 0.281040 0.000000 0.000000 1.000000 0.000000
0.976659 -0.214796 0.000000 -0.219497 0.214796 0.976659 0.000000 0.281040 0.000000 0.000000 1.000000 0.000000
0.976659 -0.214796 0.000000 -0.219497 0.214796 0.976659 0.000000 0.281040 0.000000 0.000000 1.000000 0.000000
0.976659 -0.214796 0.000000 -0.219497 0.214796 0.976659 0.000000 0.281040 0.000000 0.000000 1.000000 0.000000
0.976659 -0.214796 0.000000 -0.219497 0.214796 0.976659 0.000000 0.281040 0.000000 0.000000 1.000000 0.000000
0.976659 -0.214796 0.000000 -0.219497 0.214796 0.976659 0.000000 0.281040 0.000000 0.000000 1.000000 0.000000
0.976659 -0.214796 0.000000 -0.219497 0.214796 0.976659 0.000000 0.281040 0.000000 0.000000 1.000000 0.000000
0.976659 -0.214796 0.000000 -0.219497 0.214796 0.976659 0.000000 0.281040 0.000000 0.000000 1.000000 0.000000
0.976659 -0.214796 0.000000 -0.219497 0.214796 0.976659 0.000000 0.281040 0.000000 0.000000 1.000000 0.000000
0.976659 -0.214796 0.000000 -0.219497 0.214796 0.976659 0.000000 0.281040 0.000000 0.000000 1.000000 0.000000
0.976659 -0.214796 0.000000 -0.219497 0.214796 0.976659 0.000000 0.281040 0.000000 0.000000 1.000000 0.000000
0.976659 -0.214796 0.000000 -0.219497 0.214796 0.976659 0.000000 0.281040 0.000000 0.000000 1.000000 0.000000
0.976659 -0.214796 0.000000 -0.219497 0.214796 0.976659 0.000000 0.281040 0.000000 0.000000 1.000000 0.000000
0.976659 -0.214796 0.000000 -0.219497 0.214796 0.976659 0.000000 0.281040 0.000000 0.000000 1.000000 0.000000
0.976659 -0.214796 0.000000 -0.219497 0.214796 0.976659 0.000000 0.281040 0.000000 0.000000 1.000000 0.000000
0.976659 -0.214796 0.000000 -0.219497 0.214796 0.976659 0.000000 0.281040 0.000000 0.000000 1.000000 0.000000
0.976659 -0.214796 0.000000 -0.219497 0.214796 0.976659 0.000000 0.281040 0.000000 0.000000 1.000000 0.000000
0.976659 -0.214796 0.000000 -0.219497 0.214796 0.976659 0.000000 0.281040 0.000000 0.000000 1.000000 0.000000
0.976659 -0.214796 0.000000 -0.219497 0.214796 0.976659 0.000000 0.281040 0.000000 0.000000 1.000000 0.000000
0.976659 -0.214796 0.000000 -0.219497 0.214796 0.976659 0.000000 0.281040 0.000000 0.000000 1.000000 0.000000
0.976659 -0.214796 0.000000 -0.219497 0.214796 0.976659 0.000000 0.281040 0.000000 0.000000 1.000000 0.000000
0.976659 -0.214796 0.000000 -0.219497 0.214796 0.976659 0.000000 0.281040 0.000000 0.000000 1.000000 0.000000
0.976659 -0.214796 0.000000 -0.219497 0.214796 0.976659 0.000000 0.281040 0.000000 0.000000 1.000000 0.000000
0.976659 -0.214796 0.000000 -0.219497 0.214796 0.976659 0.000000 0.281040 0.000000 0.000000 1.000000 0.000000
-0.806701 0.590941 0.004758 8.043795 -0.590921 -0.806714 0.004874 -17.406088 0.006719 0.001120 0.999977 -0.022125
-0.788047 0.615599 0.004345 8.043626 -0.615582 -0.788059 0.004682 -17.406570 0.006306 0.001015 0.999980 -0.022121
-0.769572 0.638556 0.002242 8.043468 -0.638549 -0.769575 0.003116 -17.407043 0.003715 0.000966 0.999993 -0.022119
-0.742340 0.670022 0.001297 8.043346 -0.670019 -0.742341 0.001936 -17.407429 0.002260 0.000568 0.999997 -0.022118
-0.722034 0.691857 0.001189 8.043229 -0.691855 -0.722034 0.001541 -17.407600 0.001924 0.000290 0.999998 -0.022117
-0.704703 0.709502 0.001137 8.043130 -0.709501 -0.704703 0.001249 -17.408070 0.001687 0.000073 0.999999 -0.022116
-0.685534 0.728039 0.001282 8.043020 -0.728038 -0.685536 0.001211 -17.408339 0.001760 -0.000103 0.999998 -0.022116
-0.664805 0.747015 0.001712 8.042832 -0.747014 -0.664807 0.001272 -17.408499 0.002089 -0.000433 0.999998 -0.022115
-0.644813 0.764338 0.001762 8.042677 -0.764338 -0.644815 0.001031 -17.408709 0.001925 -0.000682 0.999998 -0.022115
-0.627770 0.778396 0.001836 8.042675 -0.778397 -0.627772 0.000814 -17.409082 0.001786 -0.000918 0.999998 -0.022115
-0.607044 0.794665 0.002094 8.042593 -0.794666 -0.607047 0.000802 -17.409464 0.001908 -0.001177 0.999997 -0.022114
-0.594845 0.803838 0.001952 8.042654 -0.803839 -0.594846 0.000505 -17.409624 0.001567 -0.001269 0.999998 -0.022114
-0.576780 0.816898 0.001656 8.042403 -0.816899 -0.576781 0.000145 -17.409899 0.001074 -0.001269 0.999999 -0.022114
-0.553194 0.833050 0.002248 8.042475 -0.833049 -0.553197 0.001299 -17.410215 0.002326 -0.001154 0.999997 -0.022114
-0.532315 0.846543 0.002354 8.042693 -0.846543 -0.532319 0.001400 -17.410748 0.002438 -0.001248 0.999996 -0.022114
-0.513663 0.857989 0.002492 8.042562 -0.857988 -0.513667 0.001567 -17.410976 0.002624 -0.001333 0.999996 -0.022113
-0.499545 0.866284 0.002542 8.042455 -0.866284 -0.499549 0.001468 -17.411224 0.002541 -0.001469 0.999996 -0.022112
-0.489760 0.871854 0.002458 8.042149 -0.871854 -0.489764 0.001238 -17.411356 0.002283 -0.001537 0.999996 -0.022111
-0.475832 0.879533 0.002391 8.042166 -0.879533 -0.475836 0.001142 -17.411531 0.002142 -0.001560 0.999996 -0.022111
-0.451884 0.892074 0.002428 8.042501 -0.892075 -0.451887 0.000893 -17.411917 0.001894 -0.001763 0.999997 -0.022111
-0.343257 0.939237 0.002908 8.041596 -0.939240 -0.343261 0.000950 -17.412315 0.001890 -0.002405 0.999995 -0.022109
-0.245868 0.969299 0.003047 8.040875 -0.969299 -0.245874 0.002072 -17.413389 0.002757 -0.002444 0.999993 -0.022105
-0.157414 0.987529 0.002831 8.039541 -0.987530 -0.157420 0.001829 -17.413717 0.002252 -0.002508 0.999994 -0.022101
-0.110408 0.993882 0.002982 8.039411 -0.993884 -0.110414 0.001775 -17.413858 0.002093 -0.002768 0.999994 -0.022100
-0.016170 0.999865 0.003045 8.038301 -0.999866 -0.016177 0.002443 -17.415667 0.002492 -0.003006 0.999992 -0.022093
0.028685 0.999585 0.002721 8.038225 -0.999586 0.028679 0.002317 -17.417246 0.002238 -0.002786 0.999994 -0.022089
0.126243 0.991995 0.002812 8.038338 -0.991998 0.126237 0.002147 -17.420399 0.001775 -0.003061 0.999994 -0.022082
0.219389 0.975632 0.003179 8.038007 -0.975637 0.219383 0.001987 -17.423571 0.001241 -0.003538 0.999993 -0.022074
0.309972 0.950739 0.003493 8.037956 -0.950746 0.309968 0.001508 -17.426874 0.000351 -0.003789 0.999993 -0.022068
0.345044 0.938579 0.003754 8.037824 -0.938587 0.345040 0.001660 -17.427885 0.000262 -0.004096 0.999992 -0.022066
0.431365 0.902164 0.004887 8.037836 -0.902177 0.431365 0.001065 -17.429813 -0.001147 -0.004868 0.999987 -0.022064
0.516209 0.856442 0.005989 8.039405 -0.856455 0.516222 -0.000705 -17.433916 -0.003695 -0.004765 0.999982 -0.022070
0.647477 0.762078 0.003217 8.041677 -0.762082 0.647480 0.000151 -17.437542 -0.001968 -0.002549 0.999995 -0.022082
0.717279 0.696771 0.004564 8.046453 -0.696778 0.717287 0.000073 -17.442753 -0.003223 -0.003232 0.999990 -0.022099
0.782729 0.622324 0.006899 8.057015 -0.622338 0.782748 -0.000138 -17.451935 -0.005486 -0.004185 0.999976 -0.022160
0.834788 0.550477 0.010160 8.071404 -0.550497 0.834836 -0.000976 -17.462513 -0.009019 -0.004779 0.999948 -0.022289
0.879737 0.475295 0.012530 8.089149 -0.475322 0.879811 -0.000910 -17.473148 -0.011457 -0.005155 0.999921 -0.022498
0.926918 0.375015 0.013647 8.109134 -0.375047 0.927006 -0.000206 -17.482616 -0.012728 -0.004927 0.999907 -0.022765
0.967856 0.251128 0.013778 8.136047 -0.251163 0.967944 0.000899 -17.491434 -0.013111 -0.004331 0.999905 -0.023132
0.985237 0.170717 0.012820 8.156080 -0.170745 0.985315 0.001138 -17.495878 -0.012438 -0.003310 0.999917 -0.023402
0.999279 0.034409 0.016058 8.189110 -0.034446 0.999405 0.002011 -17.499556 -0.015979 -0.002563 0.999869 -0.023865
0.999349 -0.033236 0.014007 8.211078 0.033211 0.999446 0.002007 -17.499588 -0.014066 -0.001541 0.999900 -0.024202
0.991495 -0.129829 0.009026 8.244937 0.129806 0.991535 0.003098 -17.496771 -0.009352 -0.001900 0.999954 -0.024605
0.978208 -0.207622 0.001485 8.271285 0.207626 0.978197 -0.004744 -17.492373 -0.000468 0.004949 0.999988 -0.024755
0.956200 -0.292712 -0.000596 8.303079 0.292711 0.956199 -0.001936 -17.484404 0.001136 0.001677 0.999998 -0.024743
0.926260 -0.376874 -0.002805 8.336002 0.376871 0.926265 -0.001352 -17.473429 0.003108 0.000195 0.999995 -0.024666
0.892746 -0.450548 -0.003316 8.371851 0.450552 0.892750 0.000326 -17.457291 0.002814 -0.001785 0.999994 -0.024541
0.872371 -0.488825 -0.004244 8.392339 0.488834 0.872375 0.001430 -17.446203 0.003003 -0.003323 0.999990 -0.024473
0.826634 -0.562732 -0.002848 8.433685 0.562739 0.826630 0.002706 -17.420393 0.000831 -0.003840 0.999992 -0.024376
0.795958 -0.605349 -0.001640 8.466287 0.605351 0.795953 0.002824 -17.396612 -0.000404 -0.003241 0.999995 -0.024331
0.766503 -0.642241 0.000633 8.496134 0.642236 0.766500 0.003372 -17.372776 -0.002651 -0.002178 0.999994 -0.024385
0.738207 -0.674574 0.000495 8.524225 0.674571 0.738205 0.002783 -17.348175 -0.002243 -0.001721 0.999996 -0.024477
0.719335 -0.694663 0.000495 8.551430 0.694660 0.719334 0.002486 -17.322411 -0.002083 -0.001444 0.999997 -0.024548
0.717162 -0.696905 0.001278 8.576686 0.696902 0.717163 0.002034 -17.298384 -0.002334 -0.000568 0.999997 -0.024628
0.702441 -0.711731 0.003797 8.605491 0.711727 0.702451 0.002558 -17.270407 -0.004488 0.000906 0.999990 -0.024773
0.700939 -0.713201 0.005362 8.639813 0.713158 0.700958 0.007981 -17.235975 -0.009451 -0.001770 0.999954 -0.025124
0.697656 -0.716408 0.005930 8.665562 0.716345 0.697676 0.009889 -17.209965 -0.011222 -0.002651 0.999934 -0.025494
0.693631 -0.720324 0.003179 8.695465 0.720282 0.693628 0.008591 -17.180296 -0.008394 -0.003669 0.999958 -0.025950
0.694010 -0.719962 0.002486 8.719291 0.719922 0.694001 0.008632 -17.156101 -0.007940 -0.004201 0.999960 -0.026239
0.693392 -0.720549 0.004108 8.754734 0.720532 0.693404 0.004916 -17.119841 -0.006391 -0.000449 0.999979 -0.026557
0.696006 -0.718025 0.004051 8.781999 0.718028 0.696014 0.000924 -17.092554 -0.003483 0.002266 0.999991 -0.026757
0.706477 -0.707729 0.003123 8.820589 0.707734 0.706479 -0.000526 -17.055244 -0.001834 0.002582 0.999995 -0.026884
0.709220 -0.704978 0.003601 8.847583 0.704987 0.709216 -0.002688 -17.028898 -0.000659 0.004445 0.999990 -0.026957
0.730342 -0.683062 0.005115 8.885073 0.683073 0.730350 -0.000377 -16.993706 -0.003478 0.003769 0.999987 -0.027047
0.738793 -0.673906 0.005966 8.911340 0.673911 0.738811 0.001412 -16.969660 -0.005359 0.002978 0.999981 -0.027193
0.758475 -0.651669 0.006531 8.948163 0.651667 0.758500 0.002818 -16.938013 -0.006790 0.002119 0.999975 -0.027485
0.774853 -0.632108 0.006470 8.975754 0.632105 0.774878 0.002752 -16.915573 -0.006753 0.001958 0.999975 -0.027743
0.808346 -0.588707 0.000123 9.011574 0.588704 0.808341 -0.003498 -16.888897 0.001959 0.002900 0.999994 -0.027711
0.839004 -0.544105 0.004646 9.052274 0.544123 0.838994 -0.004432 -16.861673 -0.001487 0.006247 0.999979 -0.027742
0.865630 -0.500660 0.004911 9.088020 0.500681 0.865617 -0.005103 -16.840614 -0.001697 0.006876 0.999975 -0.027818
0.887030 -0.461684 0.004963 9.120440 0.461699 0.887033 -0.002366 -16.822708 -0.003310 0.004390 0.999985 -0.027904
0.899203 -0.437508 0.004523 9.146818 0.437524 0.899201 -0.003324 -16.809910 -0.002613 0.004968 0.999984 -0.027994
0.908555 -0.417751 0.003401 9.166937 0.417763 0.908543 -0.004789 -16.800407 -0.001089 0.005771 0.999983 -0.028036
0.920909 -0.389768 0.002716 9.188482 0.389777 0.920896 -0.005005 -16.791283 -0.000551 0.005668 0.999984 -0.028065
0.929927 -0.367741 0.001370 9.209842 0.367743 0.929914 -0.005089 -16.783318 0.000597 0.005236 0.999986 -0.028068
0.957800 -0.287432 0.001632 9.216427 0.287436 0.957788 -0.004719 -16.781216 -0.000207 0.004989 0.999988 -0.028068
0.991504 -0.130056 0.002372 9.216520 0.130065 0.991497 -0.004155 -16.780647 -0.001812 0.004428 0.999989 -0.028066
0.993455 0.114209 0.001784 9.215369 -0.114202 0.993452 -0.003361 -16.779264 -0.002156 0.003136 0.999993 -0.028059
0.949654 0.313273 0.004217 9.214462 -0.313248 0.949655 -0.005614 -16.778355 -0.005763 0.004011 0.999975 -0.028054
0.870766 0.491697 -0.000326 9.213473 -0.491685 0.870740 -0.007586 -16.777048 -0.003446 0.006766 0.999971 -0.028043
0.749283 0.662245 0.002757 9.212708 -0.662220 0.749282 -0.006417 -16.775824 -0.006316 0.002983 0.999976 -0.028034
0.565835 0.824507 0.004383 9.212504 -0.824481 0.565852 -0.006458 -16.774754 -0.007805 0.000041 0.999970 -0.028027
0.393238 0.919426 0.004529 9.212970 -0.919393 0.393263 -0.007792 -16.773407 -0.008945 -0.001100 0.999959 -0.028019
0.312035 0.950060 0.004557 9.213221 -0.950029 0.312062 -0.007900 -16.772736 -0.008928 -0.001864 0.999958 -0.028015
0.231898 0.972732 0.003946 9.214087 -0.972711 0.231921 -0.006744 -16.771366 -0.007476 -0.002275 0.999969 -0.028009
0.185845 0.982572 0.003713 9.214170 -0.982550 0.185867 -0.006951 -16.771189 -0.007520 -0.002356 0.999969 -0.028008
0.151706 0.988419 0.003572 9.214415 -0.988400 0.151727 -0.006665 -16.770651 -0.007130 -0.002520 0.999971 -0.028005
0.114816 0.993380 0.003609 9.214382 -0.993364 0.114837 -0.006419 -16.770433 -0.006791 -0.002848 0.999973 -0.028003
0.079438 0.996834 0.003510 9.214387 -0.996817 0.079459 -0.006465 -16.770433 -0.006724 -0.002985 0.999973 -0.028003
0.045917 0.998939 0.003494 9.214689 -0.998924 0.045938 -0.006301 -16.769751 -0.006455 -0.003201 0.999974 -0.028000
0.015381 0.999875 0.003563 9.214588 -0.999862 0.015403 -0.006288 -16.769678 -0.006342 -0.003466 0.999974 -0.027999
-0.026070 0.999654 0.003538 9.215296 -0.999641 -0.026048 -0.006293 -16.769199 -0.006198 -0.003701 0.999974 -0.027999
-0.048281 0.998828 0.003424 9.215384 -0.998816 -0.048259 -0.006163 -16.769096 -0.005991 -0.003718 0.999975 -0.027998
-0.080855 0.996721 0.003111 9.215431 -0.996709 -0.080835 -0.006000 -16.768793 -0.005728 -0.003586 0.999977 -0.027997
-0.115884 0.993259 0.002627 9.215538 -0.993245 -0.115866 -0.006220 -16.768372 -0.005873 -0.003330 0.999977 -0.027994
-0.140818 0.990032 0.002601 9.215544 -0.990018 -0.140800 -0.006332 -16.768475 -0.005903 -0.003466 0.999977 -0.027995
-0.166433 0.986049 0.002794 9.215240 -0.986036 -0.166413 -0.006346 -16.768957 -0.005792 -0.003811 0.999976 -0.027997
-0.192524 0.981288 0.002848 9.215225 -0.981276 -0.192503 -0.006337 -16.768988 -0.005670 -0.004015 0.999976 -0.027997
-0.246112 0.969237 0.002819 9.215193 -0.969224 -0.246089 -0.006632 -16.768665 -0.005734 -0.004365 0.999974 -0.027995
-0.260042 0.965593 0.002870 9.215057 -0.965581 -0.260019 -0.006634 -16.768820 -0.005660 -0.004496 0.999974 -0.027996
-0.281059 0.959686 0.002900 9.215128 -0.959673 -0.281035 -0.006822 -16.768900 -0.005732 -0.004701 0.999973 -0.027997
-0.310382 0.950608 0.002795 9.215257 -0.950594 -0.310356 -0.007044 -16.768744 -0.005829 -0.004843 0.999971 -0.027996
-0.353078 0.935590 0.002841 9.218644 -0.935577 -0.353052 -0.007048 -16.767620 -0.005591 -0.005146 0.999971 -0.027998
-0.368690 0.929548 0.002910 9.218839 -0.929538 -0.368666 -0.006588 -16.767460 -0.005051 -0.005134 0.999974 -0.027997
-0.395482 0.918471 0.002330 9.218801 -0.918457 -0.395458 -0.007083 -16.767153 -0.005584 -0.004942 0.999972 -0.027995
-0.411525 0.911396 0.002028 9.218611 -0.911381 -0.411502 -0.007184 -16.767136 -0.005713 -0.004805 0.999972 -0.027994
-0.449762 0.893148 0.000575 9.218241 -0.893107 -0.449735 -0.009899 -16.767368 -0.008583 -0.004966 0.999951 -0.027996
-0.466632 0.884451 -0.001349 9.218214 -0.884367 -0.466608 -0.013132 -16.767393 -0.012244 -0.004935 0.999913 -0.027996
-0.491836 0.870686 -0.001699 9.218262 -0.870599 -0.491812 -0.013347 -16.767420 -0.012456 -0.005085 0.999909 -0.027996
-0.509260 0.860611 -0.001693 9.218268 -0.860525 -0.509235 -0.013238 -16.767637 -0.012255 -0.005285 0.999911 -0.027999
-0.524350 0.851501 -0.001654 9.218082 -0.851416 -0.524323 -0.013234 -16.767668 -0.012136 -0.005531 0.999911 -0.028000
-0.531718 0.846920 -0.001595 9.218134 -0.846837 -0.531691 -0.013136 -16.767639 -0.011973 -0.005634 0.999912 -0.027999
-0.566370 0.824149 -0.001975 9.218243 -0.824066 -0.566345 -0.012996 -16.767458 -0.011829 -0.005733 0.999914 -0.027997
-0.587273 0.809387 -0.002035 9.218221 -0.809306 -0.587247 -0.012839 -16.767494 -0.011587 -0.005893 0.999916 -0.027997
-0.617841 0.786301 -0.001869 9.217974 -0.786229 -0.617813 -0.012243 -16.767626 -0.010781 -0.006094 0.999923 -0.028000
-0.639422 0.768853 -0.001967 9.217990 -0.768785 -0.639397 -0.011878 -16.767570 -0.010390 -0.006083 0.999928 -0.027999
-0.648805 0.760952 -0.002117 9.218030 -0.760884 -0.648780 -0.011846 -16.767550 -0.010388 -0.006075 0.999928 -0.027999
-0.658432 0.752637 -0.002147 9.218027 -0.752570 -0.658407 -0.011787 -16.767635 -0.010285 -0.006145 0.999928 -0.028000
-0.667210 0.744866 -0.002072 9.218007 -0.744801 -0.667185 -0.011644 -16.767584 -0.010056 -0.006226 0.999930 -0.027999
-0.676424 0.736509 -0.002092 9.217903 -0.736445 -0.676398 -0.011583 -16.767576 -0.009946 -0.006295 0.999931 -0.027999
-0.685336 0.728224 -0.002067 9.217822 -0.728162 -0.685310 -0.011408 -16.767632 -0.009724 -0.006313 0.999933 -0.028000
-0.697149 0.716923 -0.002263 9.217901 -0.716861 -0.697124 -0.011310 -16.767616 -0.009686 -0.006263 0.999933 -0.028000
-0.705476 0.708730 -0.002469 9.217866 -0.708668 -0.705453 -0.011231 -16.767580 -0.009702 -0.006173 0.999934 -0.027999
-0.714153 0.699985 -0.002526 9.217790 -0.699924 -0.714131 -0.011146 -16.767677 -0.009606 -0.006192 0.999935 -0.028000
-0.718821 0.695190 -0.002523 9.218077 -0.695130 -0.718799 -0.011080 -16.767586 -0.009517 -0.006211 0.999935 -0.027999
-0.716844 0.697229 -0.002542 9.218036 -0.697168 -0.716821 -0.011115 -16.767624 -0.009572 -0.006196 0.999935 -0.027999
-0.716368 0.697718 -0.002580 9.218072 -0.697656 -0.716346 -0.011137 -16.767687 -0.009619 -0.006178 0.999935 -0.028000
-0.715890 0.698208 -0.002579 9.217980 -0.698146 -0.715868 -0.011135 -16.767679 -0.009620 -0.006171 0.999935 -0.028000
-0.715890 0.698208 -0.002579 9.217980 -0.698146 -0.715868 -0.011135 -16.767706 -0.009620 -0.006171 0.999935 -0.028000
-0.715890 0.698208 -0.002579 9.217980 -0.698146 -0.715868 -0.011135 -16.767706 -0.009620 -0.006171 0.999935 -0.028000
-0.715890 0.698208 -0.002579 9.217980 -0.698146 -0.715868 -0.011135 -16.767706 -0.009620 -0.006171 0.999935 -0.028000
-0.715890 0.698208 -0.002579 9.217980 -0.698146 -0.715868 -0.011135 -16.767706 -0.009620 -0.006171 0.999935 -0.028000
-0.715890 0.698208 -0.002579 9.217980 -0.698146 -0.715868 -0.011135 -16.767706 -0.009620 -0.006171 0.999935 -0.028000
-0.715890 0.698208 -0.002579 9.217980 -0.698146 -0.715868 -0.011135 -16.767706 -0.009620 -0.006171 0.999935 -0.028000
-0.715890 0.698208 -0.002579 9.217980 -0.698146 -0.715868 -0.011135 -16.767706 -0.009620 -0.006171 0.999935 -0.028000
-0.715890 0.698208 -0.002579 9.217980 -0.698146 -0.715868 -0.011135 -16.767719 -0.009620 -0.006171 0.999935 -0.028000
-0.715890 0.698208 -0.002579 9.217980 -0.698146 -0.715868 -0.011135 -16.767719 -0.009620 -0.006171 0.999935 -0.028000
-0.715890 0.698208 -0.002579 9.217980 -0.698146 -0.715868 -0.011135 -16.767719 -0.009620 -0.006171 0.999935 -0.028000
-0.715890 0.698208 -0.002579 9.217980 -0.698146 -0.715868 -0.011135 -16.767719 -0.009620 -0.006171 0.999935 -0.028000
-0.715890 0.698208 -0.002579 9.217980 -0.698146 -0.715868 -0.011135 -16.767719 -0.009620 -0.006171 0.999935 -0.028000
-0.715890 0.698208 -0.002579 9.217980 -0.698146 -0.715868 -0.011135 -16.767719 -0.009620 -0.006171 0.999935 -0.028000
-0.715890 0.698208 -0.002579 9.217980 -0.698146 -0.715868 -0.011135 -16.767719 -0.009620 -0.006171 0.999935 -0.028000
-0.715890 0.698208 -0.002579 9.217980 -0.698146 -0.715868 -0.011135 -16.767719 -0.009620 -0.006171 0.999935 -0.028000
-0.715890 0.698208 -0.002579 9.217980 -0.698146 -0.715868 -0.011135 -16.767719 -0.009620 -0.006171 0.999935 -0.028000
-0.715813 0.698288 -0.002073 9.217965 -0.698234 -0.715789 -0.010748 -16.767717 -0.008989 -0.006246 0.999940 -0.028001
-0.715813 0.698288 -0.002073 9.217965 -0.698234 -0.715789 -0.010748 -16.767717 -0.008989 -0.006246 0.999940 -0.028001
-0.715869 0.698233 -0.001810 9.217976 -0.698181 -0.715843 -0.010548 -16.767717 -0.008660 -0.006287 0.999943 -0.028000
-0.715869 0.698233 -0.001810 9.217976 -0.698181 -0.715843 -0.010548 -16.767717 -0.008660 -0.006287 0.999943 -0.028000
-0.715869 0.698233 -0.001810 9.217976 -0.698181 -0.715843 -0.010548 -16.767717 -0.008660 -0.006287 0.999943 -0.028000
-0.715869 0.698233 -0.001810 9.217976 -0.698181 -0.715843 -0.010548 -16.767717 -0.008660 -0.006287 0.999943 -0.028000
-0.715869 0.698233 -0.001810 9.217976 -0.698181 -0.715843 -0.010548 -16.767717 -0.008660 -0.006287 0.999943 -0.028000
-0.859202 0.511587 -0.007176 9.178807 -0.511543 -0.859228 -0.007154 -19.094671 -0.009825 -0.002476 0.999949 -0.036496
-0.859202 0.511587 -0.007179 9.178807 -0.511543 -0.859228 -0.007145 -19.094671 -0.009823 -0.002467 0.999949 -0.036496
-0.859202 0.511587 -0.007180 9.178807 -0.511543 -0.859228 -0.007139 -19.094671 -0.009821 -0.002461 0.999949 -0.036496
-0.859202 0.511586 -0.007178 9.178807 -0.511543 -0.859228 -0.007122 -19.094671 -0.009811 -0.002448 0.999949 -0.036496
-0.859202 0.511586 -0.007174 9.178807 -0.511543 -0.859228 -0.007111 -19.094671 -0.009802 -0.002440 0.999949 -0.036496
-0.859202 0.511586 -0.007170 9.178807 -0.511543 -0.859228 -0.007104 -19.094671 -0.009795 -0.002436 0.999949 -0.036496
-0.859202 0.511586 -0.007156 9.178807 -0.511543 -0.859228 -0.007086 -19.094671 -0.009774 -0.002428 0.999949 -0.036496
-0.859202 0.511586 -0.007156 9.178807 -0.511543 -0.859228 -0.007086 -19.094671 -0.009774 -0.002428 0.999949 -0.036496
-0.859202 0.511586 -0.007142 9.178807 -0.511543 -0.859229 -0.007075 -19.094671 -0.009756 -0.002425 0.999949 -0.036496
-0.859202 0.511586 -0.007133 9.178807 -0.511543 -0.859229 -0.007070 -19.094671 -0.009746 -0.002426 0.999950 -0.036496
-0.859202 0.511586 -0.007128 9.178807 -0.511543 -0.859229 -0.007068 -19.094671 -0.009740 -0.002427 0.999950 -0.036496
-0.859203 0.511586 -0.007111 9.178807 -0.511543 -0.859229 -0.007061 -19.094671 -0.009722 -0.002430 0.999950 -0.036496
-0.859203 0.511586 -0.007099 9.178807 -0.511543 -0.859229 -0.007057 -19.094671 -0.009710 -0.002432 0.999950 -0.036496
-0.859203 0.511586 -0.007092 9.178807 -0.511543 -0.859229 -0.007055 -19.094671 -0.009703 -0.002433 0.999950 -0.036496
-0.859203 0.511586 -0.007074 9.178807 -0.511543 -0.859229 -0.007046 -19.094671 -0.009682 -0.002435 0.999950 -0.036496
-0.859203 0.511586 -0.007063 9.178807 -0.511543 -0.859229 -0.007041 -19.094671 -0.009671 -0.002437 0.999950 -0.036496
-0.859203 0.511586 -0.007046 9.178807 -0.511544 -0.859229 -0.007037 -19.094671 -0.009655 -0.002442 0.999950 -0.036496
-0.859203 0.511586 -0.007030 9.178807 -0.511544 -0.859228 -0.007039 -19.094671 -0.009642 -0.002452 0.999951 -0.036496
-0.859203 0.511586 -0.007013 9.178807 -0.511543 -0.859228 -0.007049 -19.094671 -0.009632 -0.002469 0.999951 -0.036496
-0.859203 0.511586 -0.006997 9.178807 -0.511544 -0.859228 -0.007062 -19.094671 -0.009625 -0.002488 0.999951 -0.036496
-0.859204 0.511586 -0.006985 9.178807 -0.511543 -0.859228 -0.007081 -19.094671 -0.009624 -0.002511 0.999951 -0.036496
-0.859204 0.511586 -0.006976 9.178807 -0.511543 -0.859228 -0.007100 -19.094671 -0.009626 -0.002532 0.999950 -0.036496
-0.859204 0.511586 -0.006968 9.178807 -0.511543 -0.859228 -0.007115 -19.094671 -0.009627 -0.002549 0.999950 -0.036496
-0.859204 0.511586 -0.006959 9.178807 -0.511543 -0.859228 -0.007127 -19.094671 -0.009625 -0.002563 0.999950 -0.036496
-0.859204 0.511586 -0.006955 9.178807 -0.511543 -0.859228 -0.007138 -19.094671 -0.009627 -0.002575 0.999950 -0.036496
-0.859204 0.511586 -0.006958 9.178807 -0.511543 -0.859228 -0.007148 -19.094671 -0.009635 -0.002583 0.999950 -0.036496
-0.859204 0.511586 -0.006967 9.178807 -0.511543 -0.859228 -0.007156 -19.094671 -0.009647 -0.002584 0.999950 -0.036496
-0.859203 0.511586 -0.006990 9.178807 -0.511543 -0.859228 -0.007161 -19.094671 -0.009669 -0.002577 0.999950 -0.036496
-0.859203 0.511586 -0.006999 9.178807 -0.511543 -0.859228 -0.007163 -19.094671 -0.009678 -0.002574 0.999950 -0.036496
-0.859203 0.511586 -0.006999 9.178807 -0.511543 -0.859228 -0.007163 -19.094671 -0.009678 -0.002574 0.999950 -0.036496
-0.859203 0.511586 -0.006999 9.178807 -0.511543 -0.859228 -0.007163 -19.094671 -0.009678 -0.002574 0.999950 -0.036496
-0.859203 0.511586 -0.006999 9.178807 -0.511543 -0.859228 -0.007163 -19.094671 -0.009678 -0.002574 0.999950 -0.036496
-0.859203 0.511586 -0.006999 9.178807 -0.511543 -0.859228 -0.007163 -19.094671 -0.009678 -0.002574 0.999950 -0.036496
-0.859203 0.511586 -0.006999 9.178807 -0.511543 -0.859228 -0.007163 -19.094671 -0.009678 -0.002574 0.999950 -0.036496
-0.859203 0.511586 -0.006999 9.178807 -0.511543 -0.859228 -0.007163 -19.094671 -0.009678 -0.002574 0.999950 -0.036496
-0.859203 0.511586 -0.006999 9.178807 -0.511543 -0.859228 -0.007163 -19.094671 -0.009678 -0.002574 0.999950 -0.036496
-0.859203 0.511586 -0.006999 9.178807 -0.511543 -0.859228 -0.007163 -19.094671 -0.009678 -0.002574 0.999950 -0.036496
-0.859203 0.511586 -0.006999 9.178807 -0.511543 -0.859228 -0.007163 -19.094671 -0.009678 -0.002574 0.999950 -0.036496
-0.859203 0.511586 -0.006999 9.178807 -0.511543 -0.859228 -0.007163 -19.094671 -0.009678 -0.002574 0.999950 -0.036496
-0.859203 0.511586 -0.006999 9.178807 -0.511543 -0.859228 -0.007163 -19.094671 -0.009678 -0.002574 0.999950 -0.036496
-0.859203 0.511586 -0.006999 9.178807 -0.511543 -0.859228 -0.007163 -19.094671 -0.009678 -0.002574 0.999950 -0.036496
-0.859203 0.511586 -0.006999 9.178807 -0.511543 -0.859228 -0.007163 -19.094671 -0.009678 -0.002574 0.999950 -0.036496
-0.859203 0.511586 -0.006999 9.178807 -0.511543 -0.859228 -0.007163 -19.094671 -0.009678 -0.002574 0.999950 -0.036496
-0.859203 0.511586 -0.006999 9.178807 -0.511543 -0.859228 -0.007163 -19.094671 -0.009678 -0.002574 0.999950 -0.036496
-0.859203 0.511586 -0.006999 9.178807 -0.511543 -0.859228 -0.007163 -19.094671 -0.009678 -0.002574 0.999950 -0.036496
-0.859203 0.511586 -0.006999 9.178807 -0.511543 -0.859228 -0.007163 -19.094671 -0.009678 -0.002574 0.999950 -0.036496
-0.859203 0.511586 -0.006999 9.178807 -0.511543 -0.859228 -0.007163 -19.094671 -0.009678 -0.002574 0.999950 -0.036496
-0.859203 0.511586 -0.006999 9.178807 -0.511543 -0.859228 -0.007163 -19.094671 -0.009678 -0.002574 0.999950 -0.036496
-0.859203 0.511586 -0.006999 9.178807 -0.511543 -0.859228 -0.007163 -19.094671 -0.009678 -0.002574 0.999950 -0.036496
-0.859203 0.511586 -0.006999 9.178807 -0.511543 -0.859228 -0.007163 -19.094671 -0.009678 -0.002574 0.999950 -0.036496
-0.859203 0.511586 -0.006999 9.178807 -0.511543 -0.859228 -0.007163 -19.094671 -0.009678 -0.002574 0.999950 -0.036496
-0.859202 0.511586 -0.007219 9.178807 -0.511542 -0.859229 -0.007114 -19.094671 -0.009843 -0.002419 0.999949 -0.036496
-0.859202 0.511586 -0.007219 9.178807 -0.511542 -0.859229 -0.007114 -19.094671 -0.009843 -0.002419 0.999949 -0.036496
-0.859202 0.511586 -0.007163 9.178807 -0.511542 -0.859229 -0.007119 -19.094671 -0.009797 -0.002453 0.999949 -0.036496
-0.859202 0.511586 -0.007163 9.178807 -0.511542 -0.859229 -0.007119 -19.094671 -0.009797 -0.002453 0.999949 -0.036496
-0.859203 0.511586 -0.007054 9.178807 -0.511543 -0.859229 -0.007065 -19.094671 -0.009676 -0.002462 0.999950 -0.036496
-0.859203 0.511586 -0.007034 9.178807 -0.511543 -0.859229 -0.007042 -19.094671 -0.009646 -0.002452 0.999950 -0.036496
-0.859204 0.511586 -0.006999 9.178807 -0.511543 -0.859229 -0.007029 -19.094671 -0.009609 -0.002459 0.999951 -0.036496
-0.859204 0.511586 -0.006987 9.178807 -0.511543 -0.859229 -0.007031 -19.094671 -0.009600 -0.002467 0.999951 -0.036496
-0.859204 0.511586 -0.006988 9.178807 -0.511543 -0.859229 -0.007037 -19.094671 -0.009605 -0.002471 0.999951 -0.036496
-0.859204 0.511586 -0.006988 9.178807 -0.511543 -0.859229 -0.007044 -19.094671 -0.009608 -0.002478 0.999951 -0.036496
-0.859204 0.511586 -0.006960 9.178807 -0.511543 -0.859229 -0.007057 -19.094671 -0.009591 -0.002503 0.999951 -0.036496
-0.859204 0.511586 -0.006934 9.178807 -0.511543 -0.859229 -0.007061 -19.094671 -0.009570 -0.002519 0.999951 -0.036496
-0.859204 0.511586 -0.006929 9.178807 -0.511543 -0.859229 -0.007053 -19.094671 -0.009562 -0.002516 0.999951 -0.036496
-0.859204 0.511586 -0.006937 9.178807 -0.511543 -0.859229 -0.007041 -19.094671 -0.009563 -0.002501 0.999951 -0.036496
-0.859204 0.511586 -0.006926 9.178807 -0.511544 -0.859229 -0.007008 -19.094671 -0.009536 -0.002478 0.999951 -0.036496
-0.859204 0.511585 -0.006926 9.178807 -0.511544 -0.859229 -0.006942 -19.094671 -0.009502 -0.002422 0.999952 -0.036496
-0.859205 0.511585 -0.006927 9.178807 -0.511544 -0.859229 -0.006906 -19.094671 -0.009485 -0.002390 0.999952 -0.036496
-0.859204 0.511585 -0.006947 9.178807 -0.511544 -0.859229 -0.006941 -19.094671 -0.009520 -0.002410 0.999952 -0.036496
-0.859204 0.511585 -0.006997 9.178807 -0.511543 -0.859229 -0.006968 -19.094671 -0.009577 -0.002408 0.999951 -0.036496
