-0.185770 -0.982593 -0.000435 11.658939 0.982589 -0.185768 -0.002965 -6.056299 0.002833 -0.000979 0.999996 -0.029473
-0.583979 -0.811767 -0.001887 11.655579 0.811769 -0.583978 -0.001189 -6.050622 -0.000137 -0.002226 0.999998 -0.029471
-0.883198 -0.468973 -0.005150 11.586448 0.468986 -0.883204 -0.001699 -5.993590 -0.003752 -0.003916 0.999985 -0.029647
-0.997122 -0.075791 -0.001761 11.491129 0.075796 -0.997118 -0.003202 -5.964617 -0.001513 -0.003326 0.999993 -0.029858
-0.946050 0.323993 -0.004168 11.388576 -0.323972 -0.946054 -0.004862 -5.976498 -0.005518 -0.003249 0.999979 -0.030331
-0.774173 0.632958 -0.004470 11.293341 -0.632952 -0.774186 -0.002945 -6.026046 -0.005324 0.000549 0.999986 -0.030965
-0.635379 0.772199 -0.001528 11.206308 -0.772152 -0.635360 -0.009975 -6.114390 -0.008674 -0.005158 0.999949 -0.031814
-0.516943 0.856018 -0.002075 11.138265 -0.855939 -0.516925 -0.012536 -6.210330 -0.011803 -0.004704 0.999919 -0.033096
-0.426256 0.904590 0.004831 11.097407 -0.904603 -0.426246 -0.002870 -6.284986 -0.000537 -0.005593 0.999984 -0.033685
-0.195614 0.980679 0.001906 11.085420 -0.980674 -0.195619 0.003408 -6.313272 0.003715 -0.001202 0.999992 -0.033674
0.298225 0.954490 0.003308 11.081787 -0.954490 0.298209 0.004533 -6.316257 0.003340 -0.004510 0.999984 -0.033653
0.712247 0.701925 0.002284 11.081211 -0.701922 0.712251 -0.002099 -6.316516 -0.003100 -0.000108 0.999995 -0.033645
0.960108 0.279546 0.006825 11.082213 -0.279535 0.960132 -0.002532 -6.317626 -0.007261 0.000523 0.999974 -0.033651
0.997971 -0.063618 0.002403 11.083383 0.063620 0.997974 -0.000918 -6.319065 -0.002339 0.001069 0.999997 -0.033658
0.951513 -0.307597 0.002448 11.083652 0.307601 0.951514 -0.001411 -6.319010 -0.001895 0.002095 0.999996 -0.033659
0.885755 -0.464134 0.004183 11.084027 0.464141 0.885761 -0.000874 -6.318692 -0.003300 0.002715 0.999991 -0.033659
0.822205 -0.569170 0.004954 11.083632 0.569178 0.822214 -0.000264 -6.318565 -0.003923 0.003037 0.999988 -0.033657
0.740258 -0.672308 0.004501 11.083374 0.672314 0.740266 0.000226 -6.318710 -0.003484 0.002859 0.999990 -0.033656
0.717380 -0.696669 0.004377 11.083529 0.696675 0.717387 0.000069 -6.318703 -0.003188 0.003000 0.999990 -0.033657
0.717671 -0.696367 0.004580 11.083473 0.696374 0.717680 0.000160 -6.318697 -0.003399 0.003075 0.999989 -0.033656
0.717632 -0.696408 0.004504 11.083481 0.696414 0.717640 0.000263 -6.318698 -0.003416 0.002948 0.999990 -0.033657
0.717732 -0.696304 0.004611 11.083460 0.696309 0.717742 0.000585 -6.318696 -0.003717 0.002790 0.999989 -0.033656
0.717790 -0.696247 0.004212 11.083450 0.696252 0.717797 0.000506 -6.318694 -0.003375 0.002569 0.999991 -0.033656
0.717828 -0.696209 0.004000 11.083444 0.696213 0.717835 0.000505 -6.318694 -0.003223 0.002422 0.999992 -0.033656
0.717828 -0.696209 0.003974 11.083444 0.696213 0.717835 0.000545 -6.318694 -0.003232 0.002376 0.999992 -0.033656
0.717828 -0.696209 0.003965 11.083444 0.696213 0.717835 0.000602 -6.318694 -0.003265 0.002328 0.999992 -0.033656
0.717828 -0.696209 0.003898 11.083444 0.696212 0.717836 0.000680 -6.318694 -0.003271 0.002226 0.999992 -0.033656
0.717828 -0.696209 0.003985 11.083444 0.696213 0.717835 0.000660 -6.318694 -0.003320 0.002301 0.999992 -0.033656
0.717828 -0.696209 0.003985 11.083444 0.696213 0.717835 0.000648 -6.318694 -0.003312 0.002309 0.999992 -0.033656
0.717828 -0.696209 0.003985 11.083444 0.696213 0.717835 0.000648 -6.318694 -0.003312 0.002309 0.999992 -0.033656
0.717828 -0.696209 0.003912 11.083444 0.696213 0.717835 0.000568 -6.318694 -0.003204 0.002315 0.999992 -0.033656
0.717828 -0.696209 0.003916 11.083444 0.696213 0.717835 0.000554 -6.318694 -0.003197 0.002328 0.999992 -0.033656
0.717828 -0.696209 0.003952 11.083444 0.696213 0.717835 0.000568 -6.318694 -0.003232 0.002344 0.999992 -0.033656
0.717828 -0.696209 0.003915 11.083444 0.696213 0.717835 0.000502 -6.318694 -0.003160 0.002366 0.999992 -0.033656
0.717828 -0.696209 0.003956 11.083444 0.696213 0.717835 0.000579 -6.318694 -0.003243 0.002338 0.999992 -0.033656
0.717828 -0.696209 0.004073 11.083444 0.696213 0.717835 0.000581 -6.318694 -0.003329 0.002419 0.999992 -0.033656
0.717827 -0.696209 0.004126 11.083444 0.696213 0.717835 0.000471 -6.318694 -0.003290 0.002535 0.999991 -0.033656
0.717828 -0.696208 0.004201 11.083444 0.696213 0.717835 0.000350 -6.318694 -0.003259 0.002673 0.999991 -0.033656
0.717828 -0.696208 0.004113 11.083444 0.696213 0.717835 0.000330 -6.318694 -0.003182 0.002627 0.999991 -0.033656
0.717828 -0.696209 0.004100 11.083444 0.696213 0.717835 0.000339 -6.318694 -0.003179 0.002611 0.999992 -0.033656
0.717828 -0.696209 0.004100 11.083444 0.696213 0.717835 0.000339 -6.318694 -0.003179 0.002611 0.999992 -0.033656
0.717828 -0.696209 0.004100 11.083444 0.696213 0.717835 0.000339 -6.318694 -0.003179 0.002611 0.999992 -0.033656
0.717828 -0.696209 0.004100 11.083444 0.696213 0.717835 0.000339 -6.318694 -0.003179 0.002611 0.999992 -0.033656
0.717828 -0.696209 0.004100 11.083444 0.696213 0.717835 0.000339 -6.318694 -0.003179 0.002611 0.999992 -0.033656
0.717828 -0.696209 0.004100 11.083444 0.696213 0.717835 0.000339 -6.318694 -0.003179 0.002611 0.999992 -0.033656
0.717814 -0.696224 0.004044 11.083447 0.696227 0.717821 0.000638 -6.318694 -0.003347 0.002357 0.999992 -0.033656
0.717797 -0.696241 0.003924 11.083449 0.696244 0.717805 0.000775 -6.318694 -0.003357 0.002176 0.999992 -0.033656
0.717661 -0.696382 0.004017 11.083476 0.696385 0.717668 0.000729 -6.318696 -0.003390 0.002274 0.999992 -0.033656
0.717661 -0.696381 0.003999 11.083476 0.696385 0.717668 0.000705 -6.318696 -0.003360 0.002279 0.999992 -0.033656
0.717661 -0.696381 0.004010 11.083476 0.696385 0.717668 0.000727 -6.318696 -0.003384 0.002271 0.999992 -0.033656
0.717661 -0.696381 0.003945 11.083476 0.696385 0.717668 0.000666 -6.318696 -0.003295 0.002269 0.999992 -0.033656
0.717662 -0.696381 0.003891 11.083476 0.696385 0.717668 0.000589 -6.318696 -0.003202 0.002287 0.999992 -0.033656
0.717661 -0.696382 0.003877 11.083476 0.696385 0.717668 0.000583 -6.318696 -0.003188 0.002281 0.999992 -0.033656
0.717661 -0.696381 0.003888 11.083476 0.696385 0.717668 0.000567 -6.318696 -0.003185 0.002300 0.999992 -0.033656
0.717662 -0.696381 0.003828 11.083476 0.696385 0.717668 0.000495 -6.318696 -0.003092 0.002310 0.999993 -0.033656
0.717662 -0.696381 0.003832 11.083476 0.696385 0.717668 0.000605 -6.318696 -0.003171 0.002234 0.999992 -0.033656
0.717662 -0.696382 0.003832 11.083476 0.696385 0.717668 0.000640 -6.318696 -0.003196 0.002209 0.999992 -0.033656
0.717662 -0.696382 0.003832 11.083476 0.696385 0.717668 0.000640 -6.318696 -0.003196 0.002209 0.999992 -0.033656
0.717662 -0.696382 0.003832 11.083476 0.696385 0.717668 0.000640 -6.318696 -0.003196 0.002209 0.999992 -0.033656
0.717662 -0.696381 0.003945 11.083476 0.696385 0.717668 0.000357 -6.318696 -0.003079 0.002491 0.999992 -0.033656
0.717662 -0.696381 0.003821 11.083476 0.696385 0.717669 0.000503 -6.318696 -0.003093 0.002299 0.999993 -0.033656
0.717662 -0.696381 0.003756 11.083476 0.696384 0.717669 0.000571 -6.318696 -0.003093 0.002206 0.999993 -0.033656
0.717662 -0.696381 0.003773 11.083476 0.696384 0.717669 0.000572 -6.318696 -0.003106 0.002217 0.999993 -0.033656
0.717661 -0.696382 0.003860 11.083476 0.696385 0.717668 0.000621 -6.318696 -0.003203 0.002242 0.999992 -0.033656
0.717661 -0.696382 0.003881 11.083476 0.696385 0.717668 0.000751 -6.318696 -0.003308 0.002164 0.999992 -0.033656
0.717661 -0.696382 0.003919 11.083476 0.696385 0.717668 0.000840 -6.318696 -0.003397 0.002127 0.999992 -0.033656
0.717661 -0.696382 0.003893 11.083476 0.696385 0.717668 0.000893 -6.318696 -0.003416 0.002070 0.999992 -0.033656
0.717661 -0.696382 0.003893 11.083476 0.696385 0.717668 0.000893 -6.318696 -0.003416 0.002070 0.999992 -0.033656
0.717661 -0.696382 0.003910 11.083476 0.696385 0.717668 0.000670 -6.318696 -0.003273 0.002242 0.999992 -0.033656
0.717661 -0.696382 0.003924 11.083476 0.696385 0.717668 0.000637 -6.318696 -0.003260 0.002275 0.999992 -0.033656
0.717660 -0.696382 0.003982 11.083476 0.696385 0.717668 0.000664 -6.318696 -0.003320 0.002296 0.999992 -0.033656
0.717661 -0.696382 0.003944 11.083476 0.696385 0.717668 0.000671 -6.318696 -0.003298 0.002265 0.999992 -0.033656
0.717660 -0.696382 0.004022 11.083476 0.696385 0.717668 0.000612 -6.318696 -0.003313 0.002361 0.999992 -0.033656
0.717660 -0.696381 0.004127 11.083476 0.696385 0.717668 0.000513 -6.318696 -0.003319 0.002506 0.999991 -0.033656
0.717660 -0.696381 0.004159 11.083476 0.696385 0.717668 0.000515 -6.318696 -0.003343 0.002526 0.999991 -0.033656
0.717661 -0.696381 0.004141 11.083476 0.696385 0.717669 0.000583 -6.318696 -0.003378 0.002465 0.999991 -0.033656
0.717661 -0.696381 0.004106 11.083476 0.696385 0.717668 0.000562 -6.318696 -0.003338 0.002456 0.999991 -0.033656
0.717661 -0.696380 0.004141 11.083476 0.696385 0.717668 0.000538 -6.318696 -0.003347 0.002498 0.999991 -0.033656
0.717661 -0.696380 0.004100 11.083476 0.696385 0.717669 0.000476 -6.318696 -0.003274 0.002514 0.999991 -0.033656
0.717662 -0.696380 0.003971 11.083476 0.696384 0.717669 0.000506 -6.318696 -0.003202 0.002402 0.999992 -0.033656
0.717663 -0.696380 0.003866 11.083476 0.696384 0.717669 0.000463 -6.318696 -0.003096 0.002360 0.999992 -0.033656
0.717663 -0.696380 0.003848 11.083476 0.696384 0.717669 0.000468 -6.318696 -0.003087 0.002344 0.999992 -0.033656
0.717663 -0.696380 0.003848 11.083476 0.696384 0.717669 0.000468 -6.318696 -0.003087 0.002344 0.999992 -0.033656
0.717663 -0.696380 0.003848 11.083476 0.696384 0.717669 0.000468 -6.318696 -0.003087 0.002344 0.999992 -0.033656
0.717663 -0.696380 0.003848 11.083476 0.696384 0.717669 0.000468 -6.318696 -0.003087 0.002344 0.999992 -0.033656
0.717663 -0.696380 0.003848 11.083476 0.696384 0.717669 0.000468 -6.318696 -0.003087 0.002344 0.999992 -0.033656
0.717663 -0.696380 0.003848 11.083476 0.696384 0.717669 0.000468 -6.318696 -0.003087 0.002344 0.999992 -0.033656
0.717662 -0.696381 0.003806 11.083476 0.696384 0.717669 0.000665 -6.318696 -0.003195 0.002174 0.999993 -0.033656
0.717662 -0.696381 0.003780 11.083476 0.696384 0.717669 0.000724 -6.318696 -0.003216 0.002113 0.999993 -0.033656
0.717662 -0.696382 0.003764 11.083476 0.696384 0.717669 0.000784 -6.318696 -0.003247 0.002058 0.999993 -0.033656
0.717661 -0.696382 0.003859 11.083476 0.696385 0.717668 0.000810 -6.318696 -0.003333 0.002106 0.999992 -0.033656
0.717661 -0.696382 0.003823 11.083476 0.696385 0.717668 0.000762 -6.318696 -0.003275 0.002115 0.999992 -0.033656
0.717661 -0.696382 0.003829 11.083476 0.696385 0.717668 0.000720 -6.318696 -0.003249 0.002150 0.999992 -0.033656
0.717660 -0.696382 0.003952 11.083476 0.696385 0.717668 0.000676 -6.318696 -0.003307 0.002267 0.999992 -0.033656
0.717661 -0.696382 0.003911 11.083476 0.696385 0.717668 0.000702 -6.318696 -0.003296 0.002220 0.999992 -0.033656
0.717661 -0.696382 0.003911 11.083476 0.696385 0.717668 0.000682 -6.318696 -0.003281 0.002234 0.999992 -0.033656
0.717661 -0.696382 0.003911 11.083476 0.696385 0.717668 0.000682 -6.318696 -0.003281 0.002234 0.999992 -0.033656
0.717661 -0.696382 0.003911 11.083476 0.696385 0.717668 0.000682 -6.318696 -0.003281 0.002234 0.999992 -0.033656
0.717660 -0.696382 0.004091 11.083476 0.696386 0.717668 0.000588 -6.318696 -0.003346 0.002427 0.999991 -0.033656
0.717660 -0.696382 0.004048 11.083476 0.696385 0.717668 0.000663 -6.318696 -0.003367 0.002344 0.999992 -0.033656
0.717660 -0.696382 0.004030 11.083476 0.696385 0.717668 0.000678 -6.318696 -0.003365 0.002320 0.999992 -0.033656
0.717660 -0.696382 0.004024 11.083476 0.696385 0.717668 0.000664 -6.318696 -0.003350 0.002325 0.999992 -0.033656
0.717661 -0.696382 0.003857 11.083476 0.696385 0.717668 0.000706 -6.318696 -0.003259 0.002179 0.999992 -0.033656
0.717661 -0.696382 0.003865 11.083476 0.696385 0.717668 0.000644 -6.318696 -0.003222 0.002230 0.999992 -0.033656
0.717661 -0.696382 0.003928 11.083476 0.696386 0.717668 0.000550 -6.318696 -0.003202 0.002340 0.999992 -0.033656
0.717660 -0.696382 0.003980 11.083476 0.696386 0.717667 0.000443 -6.318696 -0.003165 0.002454 0.999992 -0.033656
0.717661 -0.696381 0.003964 11.083476 0.696386 0.717668 0.000396 -6.318696 -0.003121 0.002477 0.999992 -0.033656
0.717661 -0.696382 0.003851 11.083476 0.696386 0.717667 0.000418 -6.318696 -0.003055 0.002382 0.999992 -0.033656
0.717661 -0.696382 0.003870 11.083476 0.696386 0.717667 0.000373 -6.318696 -0.003037 0.002428 0.999992 -0.033656
0.717661 -0.696382 0.003870 11.083476 0.696386 0.717667 0.000373 -6.318696 -0.003037 0.002428 0.999992 -0.033656
0.717661 -0.696382 0.003870 11.083476 0.696386 0.717667 0.000373 -6.318696 -0.003037 0.002428 0.999992 -0.033656
0.717661 -0.696382 0.003870 11.083476 0.696386 0.717667 0.000373 -6.318696 -0.003037 0.002428 0.999992 -0.033656
0.717661 -0.696382 0.003870 11.083476 0.696386 0.717667 0.000373 -6.318696 -0.003037 0.002428 0.999992 -0.033656
0.717661 -0.696382 0.003870 11.083476 0.696386 0.717667 0.000373 -6.318696 -0.003037 0.002428 0.999992 -0.033656
0.717661 -0.696382 0.003870 11.083476 0.696386 0.717667 0.000373 -6.318696 -0.003037 0.002428 0.999992 -0.033656
0.717661 -0.696382 0.003805 11.083476 0.696386 0.717667 0.000434 -6.318696 -0.003033 0.002338 0.999993 -0.033656
0.717661 -0.696382 0.003964 11.083476 0.696386 0.717667 0.000465 -6.318696 -0.003169 0.002427 0.999992 -0.033656
0.717660 -0.696382 0.004020 11.083476 0.696386 0.717668 0.000610 -6.318696 -0.003309 0.002362 0.999992 -0.033656
0.717660 -0.696382 0.004004 11.083476 0.696385 0.717668 0.000744 -6.318696 -0.003391 0.002255 0.999992 -0.033656
0.717661 -0.696382 0.003903 11.083476 0.696385 0.717668 0.000807 -6.318696 -0.003363 0.002139 0.999992 -0.033656
0.717661 -0.696382 0.003914 11.083476 0.696385 0.717668 0.000765 -6.318696 -0.003342 0.002177 0.999992 -0.033656
0.717661 -0.696382 0.003932 11.083476 0.696386 0.717668 0.000512 -6.318696 -0.003178 0.002370 0.999992 -0.033656
0.717661 -0.696382 0.003975 11.083476 0.696386 0.717667 0.000455 -6.318696 -0.003170 0.002442 0.999992 -0.033656
0.717661 -0.696382 0.003985 11.083476 0.696386 0.717668 0.000462 -6.318696 -0.003182 0.002443 0.999992 -0.033656
0.717661 -0.696382 0.003985 11.083476 0.696386 0.717668 0.000462 -6.318696 -0.003182 0.002443 0.999992 -0.033656
0.717661 -0.696382 0.003985 11.083476 0.696386 0.717668 0.000462 -6.318696 -0.003182 0.002443 0.999992 -0.033656
0.717661 -0.696382 0.003985 11.083476 0.696386 0.717668 0.000462 -6.318696 -0.003182 0.002443 0.999992 -0.033656
0.717661 -0.696382 0.003985 11.083476 0.696386 0.717668 0.000462 -6.318696 -0.003182 0.002443 0.999992 -0.033656
0.717661 -0.696382 0.003985 11.083476 0.696386 0.717668 0.000462 -6.318696 -0.003182 0.002443 0.999992 -0.033656
0.717661 -0.696381 0.004052 11.083476 0.696385 0.717668 0.000452 -6.318696 -0.003223 0.002497 0.999992 -0.033656
0.717661 -0.696381 0.003894 11.083476 0.696385 0.717668 0.000443 -6.318696 -0.003103 0.002393 0.999992 -0.033656
0.717661 -0.696381 0.003977 11.083476 0.696386 0.717668 0.000427 -6.318696 -0.003151 0.002463 0.999992 -0.033656
0.717661 -0.696381 0.004062 11.083476 0.696386 0.717668 0.000423 -6.318696 -0.003210 0.002525 0.999992 -0.033656
0.717660 -0.696381 0.004115 11.083476 0.696385 0.717668 0.000509 -6.318696 -0.003307 0.002500 0.999991 -0.033656
0.717660 -0.696381 0.004081 11.083476 0.696385 0.717668 0.000590 -6.318696 -0.003340 0.002419 0.999991 -0.033656
0.717660 -0.696381 0.004082 11.083476 0.696385 0.717668 0.000563 -6.318696 -0.003322 0.002438 0.999992 -0.033656
0.717661 -0.696381 0.004056 11.083476 0.696385 0.717668 0.000518 -6.318696 -0.003271 0.002453 0.999992 -0.033656
0.717661 -0.696381 0.004061 11.083476 0.696385 0.717668 0.000517 -6.318696 -0.003275 0.002457 0.999992 -0.033656
0.717661 -0.696381 0.004061 11.083476 0.696385 0.717668 0.000517 -6.318696 -0.003275 0.002457 0.999992 -0.033656
0.717661 -0.696381 0.004061 11.083476 0.696385 0.717668 0.000517 -6.318696 -0.003275 0.002457 0.999992 -0.033656
0.717661 -0.696381 0.004061 11.083476 0.696385 0.717668 0.000517 -6.318696 -0.003275 0.002457 0.999992 -0.033656
0.717661 -0.696381 0.004061 11.083476 0.696385 0.717668 0.000517 -6.318696 -0.003275 0.002457 0.999992 -0.033656
0.717661 -0.696381 0.004061 11.083476 0.696385 0.717668 0.000517 -6.318696 -0.003275 0.002457 0.999992 -0.033656
0.717661 -0.696381 0.004061 11.083476 0.696385 0.717668 0.000517 -6.318696 -0.003275 0.002457 0.999992 -0.033656
0.717660 -0.696382 0.003963 11.083476 0.696385 0.717668 0.000712 -6.318696 -0.003340 0.002249 0.999992 -0.033656
0.717661 -0.696382 0.003916 11.083476 0.696385 0.717668 0.000700 -6.318696 -0.003298 0.002225 0.999992 -0.033656
0.717661 -0.696382 0.003921 11.083476 0.696385 0.717668 0.000655 -6.318696 -0.003270 0.002261 0.999992 -0.033656
0.717661 -0.696382 0.003893 11.083476 0.696385 0.717668 0.000626 -6.318696 -0.003230 0.002262 0.999992 -0.033656
0.717660 -0.696383 0.003853 11.083476 0.696386 0.717667 0.000612 -6.318696 -0.003191 0.002244 0.999992 -0.033656
0.717660 -0.696383 0.003930 11.083476 0.696386 0.717667 0.000665 -6.318696 -0.003283 0.002260 0.999992 -0.033656
0.717660 -0.696383 0.003970 11.083476 0.696386 0.717667 0.000711 -6.318696 -0.003344 0.002254 0.999992 -0.033656
0.717660 -0.696383 0.003970 11.083476 0.696386 0.717667 0.000711 -6.318696 -0.003344 0.002254 0.999992 -0.033656
0.717660 -0.696383 0.003970 11.083476 0.696386 0.717667 0.000711 -6.318696 -0.003344 0.002254 0.999992 -0.033656
0.717660 -0.696383 0.003970 11.083476 0.696386 0.717667 0.000711 -6.318696 -0.003344 0.002254 0.999992 -0.033656
0.717660 -0.696383 0.003970 11.083476 0.696386 0.717667 0.000711 -6.318696 -0.003344 0.002254 0.999992 -0.033656
0.717660 -0.696383 0.003970 11.083476 0.696386 0.717667 0.000711 -6.318696 -0.003344 0.002254 0.999992 -0.033656
0.717660 -0.696383 0.003970 11.083476 0.696386 0.717667 0.000711 -6.318696 -0.003344 0.002254 0.999992 -0.033656
0.717660 -0.696383 0.003858 11.083476 0.696386 0.717667 0.000610 -6.318696 -0.003193 0.002249 0.999992 -0.033656
0.717660 -0.696383 0.003781 11.083476 0.696386 0.717667 0.000538 -6.318696 -0.003088 0.002247 0.999993 -0.033656
0.717660 -0.696383 0.003822 11.083476 0.696386 0.717667 0.000576 -6.318696 -0.003144 0.002248 0.999993 -0.033656
0.717660 -0.696383 0.003818 11.083476 0.696387 0.717667 0.000532 -6.318696 -0.003111 0.002278 0.999993 -0.033656
0.717659 -0.696383 0.003919 11.083476 0.696387 0.717666 0.000491 -6.318696 -0.003155 0.002377 0.999992 -0.033656
0.717659 -0.696384 0.003944 11.083476 0.696387 0.717666 0.000537 -6.318696 -0.003204 0.002361 0.999992 -0.033656
0.717659 -0.696384 0.003852 11.083476 0.696387 0.717666 0.000565 -6.318696 -0.003158 0.002277 0.999992 -0.033656
0.717659 -0.696384 0.003802 11.083476 0.696387 0.717666 0.000511 -6.318696 -0.003084 0.002281 0.999993 -0.033656
0.717659 -0.696384 0.003802 11.083476 0.696387 0.717666 0.000511 -6.318696 -0.003084 0.002281 0.999993 -0.033656
0.717659 -0.696384 0.003802 11.083476 0.696387 0.717666 0.000511 -6.318696 -0.003084 0.002281 0.999993 -0.033656
0.717659 -0.696384 0.003802 11.083476 0.696387 0.717666 0.000511 -6.318696 -0.003084 0.002281 0.999993 -0.033656
0.717659 -0.696384 0.003802 11.083476 0.696387 0.717666 0.000511 -6.318696 -0.003084 0.002281 0.999993 -0.033656
0.717659 -0.696384 0.003802 11.083476 0.696387 0.717666 0.000511 -6.318696 -0.003084 0.002281 0.999993 -0.033656
0.717659 -0.696384 0.003802 11.083476 0.696387 0.717666 0.000511 -6.318696 -0.003084 0.002281 0.999993 -0.033656
0.717660 -0.696384 0.003767 11.083476 0.696387 0.717666 0.000518 -6.318696 -0.003064 0.002252 0.999993 -0.033656
0.717660 -0.696383 0.003797 11.083476 0.696387 0.717666 0.000468 -6.318696 -0.003051 0.002309 0.999993 -0.033656
0.717659 -0.696384 0.003877 11.083476 0.696388 0.717665 0.000505 -6.318696 -0.003134 0.002338 0.999992 -0.033656
0.717659 -0.696384 0.003875 11.083476 0.696388 0.717665 0.000534 -6.318696 -0.003153 0.002315 0.999992 -0.033656
0.717659 -0.696385 0.003796 11.083476 0.696388 0.717665 0.000470 -6.318696 -0.003051 0.002306 0.999993 -0.033656
0.717659 -0.696385 0.003771 11.083476 0.696388 0.717665 0.000515 -6.318696 -0.003065 0.002256 0.999993 -0.033656
0.717659 -0.696384 0.003718 11.083476 0.696388 0.717666 0.000512 -6.318696 -0.003025 0.002221 0.999993 -0.033656
0.717659 -0.696384 0.003754 11.083476 0.696388 0.717666 0.000555 -6.318696 -0.003081 0.002216 0.999993 -0.033656
0.717659 -0.696384 0.003754 11.083476 0.696388 0.717666 0.000555 -6.318696 -0.003081 0.002216 0.999993 -0.033656
0.717659 -0.696385 0.003805 11.083476 0.696388 0.717665 0.000610 -6.318696 -0.003156 0.002211 0.999993 -0.033656
0.717659 -0.696385 0.003757 11.083476 0.696388 0.717665 0.000581 -6.318696 -0.003101 0.002199 0.999993 -0.033656
0.717659 -0.696385 0.003728 11.083476 0.696388 0.717665 0.000599 -6.318696 -0.003093 0.002167 0.999993 -0.033656
0.717659 -0.696385 0.003728 11.083476 0.696388 0.717665 0.000599 -6.318696 -0.003093 0.002167 0.999993 -0.033656
0.717659 -0.696385 0.003772 11.083476 0.696388 0.717665 0.000536 -6.318696 -0.003080 0.002242 0.999993 -0.033656
0.717659 -0.696385 0.003752 11.083476 0.696388 0.717665 0.000554 -6.318696 -0.003079 0.002215 0.999993 -0.033656
0.717659 -0.696384 0.003750 11.083476 0.696388 0.717666 0.000635 -6.318696 -0.003134 0.002156 0.999993 -0.033656
0.717659 -0.696384 0.003831 11.083476 0.696387 0.717666 0.000675 -6.318696 -0.003219 0.002183 0.999992 -0.033656
0.717658 -0.696385 0.003863 11.083476 0.696388 0.717665 0.000558 -6.318696 -0.003161 0.002290 0.999992 -0.033656
0.717659 -0.696384 0.003853 11.083476 0.696388 0.717665 0.000522 -6.318696 -0.003129 0.002308 0.999992 -0.033656
0.717658 -0.696385 0.003803 11.083476 0.696388 0.717665 0.000590 -6.318696 -0.003141 0.002225 0.999993 -0.033656
0.717658 -0.696385 0.003919 11.083476 0.696388 0.717665 0.000620 -6.318696 -0.003244 0.002284 0.999992 -0.033656
0.717657 -0.696385 0.003991 11.083476 0.696389 0.717664 0.000610 -6.318696 -0.003289 0.002341 0.999992 -0.033656
0.717657 -0.696385 0.003991 11.083476 0.696389 0.717664 0.000610 -6.318696 -0.003289 0.002341 0.999992 -0.033656
0.717657 -0.696385 0.003945 11.083476 0.696389 0.717664 0.000493 -6.318696 -0.003174 0.002393 0.999992 -0.033656
0.717657 -0.696386 0.003847 11.083476 0.696390 0.717664 0.000473 -6.318696 -0.003090 0.002339 0.999992 -0.033656
0.717657 -0.696386 0.003847 11.083476 0.696390 0.717664 0.000473 -6.318696 -0.003090 0.002339 0.999992 -0.033656
0.717657 -0.696386 0.003847 11.083476 0.696390 0.717664 0.000473 -6.318696 -0.003090 0.002339 0.999992 -0.033656
0.717658 -0.696386 0.003800 11.083476 0.696390 0.717664 0.000460 -6.318696 -0.003047 0.002316 0.999993 -0.033656
0.717657 -0.696386 0.003859 11.083476 0.696390 0.717663 0.000354 -6.318696 -0.003016 0.002434 0.999992 -0.033656
0.717657 -0.696386 0.003902 11.083476 0.696390 0.717663 0.000376 -6.318696 -0.003062 0.002448 0.999992 -0.033656
0.717657 -0.696386 0.003847 11.083476 0.696390 0.717663 0.000363 -6.318696 -0.003014 0.002419 0.999993 -0.033656
0.717656 -0.696386 0.003985 11.083476 0.696390 0.717663 0.000376 -6.318696 -0.003122 0.002506 0.999992 -0.033656
0.717656 -0.696386 0.004119 11.083476 0.696391 0.717663 0.000402 -6.318696 -0.003236 0.002580 0.999991 -0.033656
0.717655 -0.696386 0.004183 11.083476 0.696390 0.717663 0.000482 -6.318696 -0.003338 0.002567 0.999991 -0.033656
0.717656 -0.696386 0.004078 11.083476 0.696390 0.717663 0.000503 -6.318696 -0.003277 0.002479 0.999992 -0.033656
0.717657 -0.696386 0.003930 11.083476 0.696390 0.717664 0.000496 -6.318696 -0.003166 0.002381 0.999992 -0.033656
0.717657 -0.696386 0.003930 11.083476 0.696390 0.717664 0.000496 -6.318696 -0.003166 0.002381 0.999992 -0.033656
0.717657 -0.696386 0.003930 11.083476 0.696390 0.717664 0.000496 -6.318696 -0.003166 0.002381 0.999992 -0.033656
0.717657 -0.696386 0.003930 11.083476 0.696390 0.717664 0.000496 -6.318696 -0.003166 0.002381 0.999992 -0.033656
0.717657 -0.696386 0.003930 11.083476 0.696390 0.717664 0.000496 -6.318696 -0.003166 0.002381 0.999992 -0.033656
0.717657 -0.696386 0.003930 11.083476 0.696390 0.717664 0.000496 -6.318696 -0.003166 0.002381 0.999992 -0.033656
0.717657 -0.696386 0.003861 11.083476 0.696390 0.717664 0.000575 -6.318696 -0.003171 0.002276 0.999992 -0.033656
0.717656 -0.696386 0.003980 11.083476 0.696390 0.717663 0.000525 -6.318696 -0.003222 0.002395 0.999992 -0.033656
0.717656 -0.696386 0.004106 11.083476 0.696390 0.717663 0.000439 -6.318696 -0.003252 0.002545 0.999991 -0.033656
0.717656 -0.696386 0.004058 11.083476 0.696390 0.717663 0.000477 -6.318696 -0.003244 0.002484 0.999992 -0.033656
0.717657 -0.696386 0.003906 11.083476 0.696390 0.717663 0.000467 -6.318696 -0.003128 0.002385 0.999992 -0.033656
0.717657 -0.696386 0.003875 11.083476 0.696390 0.717663 0.000366 -6.318696 -0.003036 0.002435 0.999992 -0.033656
0.717657 -0.696386 0.003830 11.083476 0.696390 0.717663 0.000331 -6.318696 -0.002979 0.002430 0.999993 -0.033656
0.717657 -0.696387 0.003786 11.083476 0.696391 0.717663 0.000487 -6.318696 -0.003056 0.002288 0.999993 -0.033656
0.717656 -0.696387 0.003779 11.083476 0.696390 0.717663 0.000632 -6.318696 -0.003152 0.002178 0.999993 -0.033656
0.717656 -0.696387 0.003779 11.083476 0.696390 0.717663 0.000632 -6.318696 -0.003152 0.002178 0.999993 -0.033656
0.717656 -0.696387 0.003819 11.083476 0.696390 0.717663 0.000594 -6.318696 -0.003155 0.002233 0.999993 -0.033656
0.717656 -0.696387 0.003817 11.083476 0.696390 0.717663 0.000591 -6.318696 -0.003151 0.002235 0.999993 -0.033656
0.717656 -0.696387 0.003815 11.083476 0.696390 0.717663 0.000586 -6.318696 -0.003146 0.002236 0.999993 -0.033656
0.717656 -0.696387 0.003815 11.083476 0.696390 0.717663 0.000586 -6.318696 -0.003146 0.002236 0.999993 -0.033656
0.717656 -0.696387 0.003787 11.083476 0.696391 0.717663 0.000517 -6.318696 -0.003078 0.002266 0.999993 -0.033656
0.717657 -0.696387 0.003729 11.083476 0.696390 0.717663 0.000595 -6.318696 -0.003090 0.002170 0.999993 -0.033656
0.717657 -0.696387 0.003770 11.083476 0.696390 0.717663 0.000700 -6.318696 -0.003193 0.002123 0.999993 -0.033656
0.717656 -0.696387 0.003862 11.083476 0.696390 0.717663 0.000715 -6.318696 -0.003269 0.002176 0.999992 -0.033656
0.717656 -0.696387 0.003868 11.083476 0.696390 0.717663 0.000707 -6.318696 -0.003268 0.002187 0.999992 -0.033656
0.717656 -0.696387 0.003784 11.083476 0.696390 0.717663 0.000670 -6.318696 -0.003182 0.002154 0.999993 -0.033656
0.717655 -0.696388 0.003856 11.083476 0.696391 0.717662 0.000571 -6.318696 -0.003165 0.002276 0.999992 -0.033656
0.717655 -0.696388 0.003877 11.083476 0.696391 0.717662 0.000554 -6.318696 -0.003168 0.002302 0.999992 -0.033656
0.717655 -0.696388 0.003893 11.083476 0.696391 0.717662 0.000600 -6.318696 -0.003212 0.002281 0.999992 -0.033656
0.717655 -0.696388 0.003893 11.083476 0.696391 0.717662 0.000600 -6.318696 -0.003212 0.002281 0.999992 -0.033656
0.717655 -0.696388 0.003893 11.083476 0.696391 0.717662 0.000600 -6.318696 -0.003212 0.002281 0.999992 -0.033656
0.717655 -0.696388 0.003893 11.083476 0.696391 0.717662 0.000600 -6.318696 -0.003212 0.002281 0.999992 -0.033656
0.717655 -0.696388 0.003893 11.083476 0.696391 0.717662 0.000600 -6.318696 -0.003212 0.002281 0.999992 -0.033656
0.717655 -0.696388 0.003893 11.083476 0.696391 0.717662 0.000600 -6.318696 -0.003212 0.002281 0.999992 -0.033656
0.717655 -0.696388 0.003893 11.083476 0.696391 0.717662 0.000600 -6.318696 -0.003212 0.002281 0.999992 -0.033656
0.717655 -0.696388 0.003903 11.083476 0.696392 0.717662 0.000520 -6.318696 -0.003163 0.002345 0.999992 -0.033656
0.717655 -0.696388 0.003884 11.083476 0.696392 0.717662 0.000539 -6.318696 -0.003163 0.002318 0.999992 -0.033656
0.717655 -0.696388 0.003952 11.083476 0.696392 0.717662 0.000526 -6.318696 -0.003202 0.002375 0.999992 -0.033656
0.717654 -0.696388 0.004011 11.083476 0.696392 0.717661 0.000562 -6.318696 -0.003270 0.002390 0.999992 -0.033656
0.717654 -0.696388 0.004067 11.083476 0.696392 0.717662 0.000655 -6.318696 -0.003375 0.002362 0.999992 -0.033656
0.717654 -0.696388 0.003988 11.083476 0.696392 0.717661 0.000662 -6.318696 -0.003323 0.002302 0.999992 -0.033656
0.717654 -0.696389 0.004019 11.083476 0.696392 0.717661 0.000660 -6.318696 -0.003344 0.002325 0.999992 -0.033656
0.717653 -0.696389 0.004043 11.083476 0.696392 0.717661 0.000691 -6.318696 -0.003383 0.002319 0.999992 -0.033656
0.717653 -0.696389 0.004043 11.083476 0.696392 0.717661 0.000691 -6.318696 -0.003383 0.002319 0.999992 -0.033656
0.717653 -0.696389 0.004043 11.083476 0.696392 0.717661 0.000691 -6.318696 -0.003383 0.002319 0.999992 -0.033656
0.717653 -0.696389 0.004043 11.083476 0.696392 0.717661 0.000691 -6.318696 -0.003383 0.002319 0.999992 -0.033656
0.717653 -0.696389 0.004042 11.083476 0.696392 0.717661 0.000686 -6.318696 -0.003378 0.002323 0.999992 -0.033656
0.717653 -0.696389 0.004042 11.083476 0.696392 0.717661 0.000686 -6.318696 -0.003378 0.002323 0.999992 -0.033656
0.717654 -0.696389 0.003886 11.083476 0.696393 0.717661 0.000474 -6.318696 -0.003119 0.002366 0.999992 -0.033656
0.717654 -0.696389 0.003894 11.083476 0.696393 0.717661 0.000560 -6.318696 -0.003185 0.002310 0.999992 -0.033656
0.717654 -0.696389 0.003866 11.083476 0.696392 0.717661 0.000599 -6.318696 -0.003192 0.002262 0.999992 -0.033656
0.717654 -0.696389 0.003822 11.083476 0.696393 0.717661 0.000631 -6.318696 -0.003183 0.002209 0.999992 -0.033656
0.717654 -0.696389 0.003796 11.083476 0.696392 0.717661 0.000647 -6.318696 -0.003175 0.002179 0.999993 -0.033656
0.717654 -0.696390 0.003697 11.083476 0.696392 0.717661 0.000650 -6.318696 -0.003106 0.002108 0.999993 -0.033656
0.717655 -0.696389 0.003664 11.083476 0.696392 0.717662 0.000656 -6.318696 -0.003086 0.002080 0.999993 -0.033656
0.717655 -0.696389 0.003753 11.083476 0.696392 0.717661 0.000570 -6.318696 -0.003090 0.002205 0.999993 -0.033656
0.717655 -0.696389 0.003776 11.083476 0.696392 0.717661 0.000571 -6.318696 -0.003108 0.002220 0.999993 -0.033656
0.717655 -0.696389 0.003776 11.083476 0.696392 0.717661 0.000571 -6.318696 -0.003108 0.002220 0.999993 -0.033656
0.717655 -0.696388 0.003918 11.083476 0.696392 0.717661 0.000437 -6.318696 -0.003116 0.002415 0.999992 -0.033656
0.717655 -0.696388 0.003872 11.083476 0.696392 0.717661 0.000322 -6.318696 -0.003003 0.002466 0.999992 -0.033656
0.717655 -0.696388 0.003879 11.083476 0.696393 0.717661 0.000346 -6.318696 -0.003024 0.002453 0.999992 -0.033656
0.717655 -0.696388 0.003936 11.083476 0.696392 0.717661 0.000390 -6.318696 -0.003096 0.002461 0.999992 -0.033656
0.717654 -0.696388 0.003980 11.083476 0.696393 0.717661 0.000403 -6.318696 -0.003137 0.002483 0.999992 -0.033656
0.717655 -0.696388 0.003934 11.083476 0.696392 0.717661 0.000458 -6.318696 -0.003142 0.002411 0.999992 -0.033656
0.717654 -0.696388 0.003950 11.083476 0.696392 0.717661 0.000515 -6.318696 -0.003193 0.002381 0.999992 -0.033656
0.717654 -0.696388 0.003919 11.083476 0.696392 0.717661 0.000469 -6.318696 -0.003139 0.002392 0.999992 -0.033656
0.717654 -0.696388 0.003925 11.083476 0.696392 0.717661 0.000500 -6.318696 -0.003165 0.002375 0.999992 -0.033656
0.717654 -0.696389 0.003872 11.083476 0.696392 0.717661 0.000644 -6.318696 -0.003227 0.002234 0.999992 -0.033656
0.717654 -0.696389 0.003892 11.083476 0.696392 0.717661 0.000543 -6.318696 -0.003171 0.002321 0.999992 -0.033656
0.717654 -0.696389 0.003914 11.083476 0.696392 0.717661 0.000552 -6.318696 -0.003193 0.002329 0.999992 -0.033656
0.717654 -0.696389 0.003930 11.083476 0.696393 0.717661 0.000506 -6.318696 -0.003173 0.002374 0.999992 -0.033656
0.717654 -0.696389 0.003930 11.083476 0.696393 0.717661 0.000506 -6.318696 -0.003173 0.002374 0.999992 -0.033656
0.717654 -0.696389 0.003930 11.083476 0.696393 0.717661 0.000506 -6.318696 -0.003173 0.002374 0.999992 -0.033656
0.717654 -0.696389 0.003930 11.083476 0.696393 0.717661 0.000506 -6.318696 -0.003173 0.002374 0.999992 -0.033656
0.717654 -0.696389 0.003930 11.083476 0.696393 0.717661 0.000506 -6.318696 -0.003173 0.002374 0.999992 -0.033656
0.717654 -0.696389 0.003930 11.083476 0.696393 0.717661 0.000506 -6.318696 -0.003173 0.002374 0.999992 -0.033656
0.717655 -0.696389 0.003717 11.083476 0.696392 0.717661 0.000581 -6.318696 -0.003072 0.002171 0.999993 -0.033656
0.717654 -0.696389 0.003865 11.083476 0.696393 0.717661 0.000469 -6.318696 -0.003101 0.002355 0.999992 -0.033656
0.717654 -0.696389 0.003808 11.083476 0.696393 0.717661 0.000504 -6.318696 -0.003084 0.002290 0.999993 -0.033656
0.717654 -0.696389 0.003786 11.083476 0.696393 0.717660 0.000454 -6.318696 -0.003034 0.002311 0.999993 -0.033656
0.717653 -0.696390 0.003848 11.083476 0.696394 0.717660 0.000429 -6.318696 -0.003061 0.002372 0.999993 -0.033656
0.717653 -0.696390 0.003905 11.083476 0.696394 0.717659 0.000446 -6.318696 -0.003113 0.002400 0.999992 -0.033656
0.717652 -0.696391 0.003862 11.083476 0.696395 0.717659 0.000509 -6.318696 -0.003127 0.002324 0.999992 -0.033656
0.717652 -0.696392 0.003845 11.083476 0.696395 0.717658 0.000549 -6.318696 -0.003141 0.002284 0.999992 -0.033656
0.717652 -0.696392 0.003845 11.083476 0.696395 0.717658 0.000546 -6.318696 -0.003139 0.002286 0.999992 -0.033656
0.717652 -0.696392 0.003845 11.083476 0.696395 0.717658 0.000546 -6.318696 -0.003139 0.002286 0.999992 -0.033656
0.717652 -0.696392 0.003845 11.083476 0.696395 0.717658 0.000546 -6.318696 -0.003139 0.002286 0.999992 -0.033656
0.717652 -0.696392 0.003845 11.083476 0.696395 0.717658 0.000546 -6.318696 -0.003139 0.002286 0.999992 -0.033656
0.717652 -0.696391 0.003895 11.083476 0.696395 0.717658 0.000435 -6.318696 -0.003098 0.002401 0.999992 -0.033656
0.717651 -0.696391 0.003965 11.083476 0.696395 0.717658 0.000487 -6.318696 -0.003184 0.002412 0.999992 -0.033656
0.717651 -0.696391 0.004001 11.083476 0.696395 0.717658 0.000523 -6.318696 -0.003236 0.002411 0.999992 -0.033656
0.717651 -0.696391 0.004001 11.083476 0.696395 0.717658 0.000523 -6.318696 -0.003236 0.002411 0.999992 -0.033656
0.717651 -0.696392 0.003824 11.083476 0.696396 0.717658 0.000655 -6.318696 -0.003200 0.002193 0.999992 -0.033656
0.717651 -0.696393 0.003873 11.083476 0.696396 0.717658 0.000614 -6.318696 -0.003207 0.002257 0.999992 -0.033656
0.717650 -0.696393 0.003862 11.083476 0.696396 0.717657 0.000583 -6.318696 -0.003177 0.002271 0.999992 -0.033656
0.717650 -0.696393 0.003921 11.083476 0.696397 0.717657 0.000605 -6.318696 -0.003236 0.002296 0.999992 -0.033656
0.717650 -0.696393 0.003965 11.083476 0.696396 0.717657 0.000670 -6.318696 -0.003312 0.002280 0.999992 -0.033656
0.717650 -0.696393 0.003911 11.083476 0.696396 0.717657 0.000649 -6.318696 -0.003259 0.002258 0.999992 -0.033656
0.717650 -0.696393 0.003911 11.083476 0.696396 0.717657 0.000657 -6.318696 -0.003264 0.002252 0.999992 -0.033656
0.717650 -0.696393 0.003911 11.083476 0.696396 0.717657 0.000657 -6.318696 -0.003264 0.002252 0.999992 -0.033656
0.717650 -0.696393 0.003911 11.083476 0.696396 0.717657 0.000657 -6.318696 -0.003264 0.002252 0.999992 -0.033656
0.717650 -0.696393 0.003911 11.083476 0.696396 0.717657 0.000657 -6.318696 -0.003264 0.002252 0.999992 -0.033656
0.717650 -0.696393 0.003911 11.083476 0.696396 0.717657 0.000657 -6.318696 -0.003264 0.002252 0.999992 -0.033656
0.717650 -0.696393 0.003832 11.083476 0.696397 0.717657 0.000521 -6.318696 -0.003113 0.002295 0.999993 -0.033656
0.717650 -0.696393 0.003844 11.083476 0.696397 0.717657 0.000520 -6.318696 -0.003121 0.002304 0.999992 -0.033656
0.717650 -0.696394 0.003855 11.083476 0.696397 0.717656 0.000462 -6.318696 -0.003089 0.002353 0.999992 -0.033656
0.717649 -0.696394 0.003845 11.083476 0.696397 0.717656 0.000575 -6.318696 -0.003160 0.002265 0.999992 -0.033656
0.717650 -0.696394 0.003750 11.083476 0.696397 0.717656 0.000585 -6.318696 -0.003098 0.002192 0.999993 -0.033656
0.717650 -0.696394 0.003788 11.083476 0.696397 0.717656 0.000549 -6.318696 -0.003101 0.002244 0.999993 -0.033656
0.717649 -0.696394 0.003862 11.083476 0.696398 0.717656 0.000477 -6.318696 -0.003103 0.002347 0.999992 -0.033656
0.717649 -0.696394 0.003851 11.083476 0.696398 0.717656 0.000493 -6.318696 -0.003106 0.002328 0.999992 -0.033656
0.717649 -0.696394 0.003822 11.083476 0.696398 0.717656 0.000484 -6.318696 -0.003080 0.002314 0.999993 -0.033656
0.717649 -0.696395 0.003814 11.083476 0.696398 0.717655 0.000473 -6.318696 -0.003067 0.002317 0.999993 -0.033656
0.717649 -0.696395 0.003814 11.083476 0.696398 0.717655 0.000473 -6.318696 -0.003067 0.002317 0.999993 -0.033656
0.717649 -0.696395 0.003814 11.083476 0.696398 0.717655 0.000473 -6.318696 -0.003067 0.002317 0.999993 -0.033656
0.717649 -0.696395 0.003814 11.083476 0.696398 0.717655 0.000473 -6.318696 -0.003067 0.002317 0.999993 -0.033656
0.717649 -0.696395 0.003814 11.083476 0.696398 0.717655 0.000473 -6.318696 -0.003067 0.002317 0.999993 -0.033656
0.717649 -0.696395 0.003814 11.083476 0.696398 0.717655 0.000473 -6.318696 -0.003067 0.002317 0.999993 -0.033656
0.717649 -0.696394 0.003837 11.083476 0.696398 0.717656 0.000517 -6.318696 -0.003114 0.002301 0.999993 -0.033656
0.717649 -0.696395 0.003813 11.083476 0.696399 0.717655 0.000510 -6.318696 -0.003091 0.002289 0.999993 -0.033656
0.717648 -0.696395 0.003876 11.083476 0.696399 0.717655 0.000527 -6.318696 -0.003148 0.002321 0.999992 -0.033656
0.717648 -0.696396 0.003868 11.083476 0.696399 0.717654 0.000500 -6.318696 -0.003124 0.002335 0.999992 -0.033656
0.717648 -0.696396 0.003842 11.083476 0.696400 0.717654 0.000466 -6.318696 -0.003082 0.002341 0.999993 -0.033656
0.717648 -0.696396 0.003855 11.083476 0.696399 0.717654 0.000511 -6.318696 -0.003122 0.002318 0.999992 -0.033656
0.717647 -0.696396 0.003884 11.083476 0.696400 0.717654 0.000511 -6.318696 -0.003143 0.002338 0.999992 -0.033656
0.717647 -0.696397 0.003831 11.083476 0.696400 0.717653 0.000523 -6.318696 -0.003114 0.002293 0.999993 -0.033656
0.717647 -0.696397 0.003755 11.083476 0.696400 0.717653 0.000512 -6.318696 -0.003051 0.002247 0.999993 -0.033656
0.717647 -0.696397 0.003755 11.083476 0.696400 0.717653 0.000512 -6.318696 -0.003051 0.002247 0.999993 -0.033656
0.717647 -0.696397 0.003896 11.083476 0.696401 0.717653 0.000342 -6.318696 -0.003034 0.002468 0.999992 -0.033656
0.717647 -0.696397 0.003891 11.083476 0.696401 0.717653 0.000342 -6.318696 -0.003030 0.002464 0.999992 -0.033656
0.717647 -0.696396 0.003936 11.083476 0.696401 0.717653 0.000256 -6.318696 -0.003002 0.002557 0.999992 -0.033656
0.717646 -0.696397 0.003881 11.083476 0.696401 0.717652 0.000326 -6.318696 -0.003012 0.002469 0.999992 -0.033656
0.717646 -0.696397 0.003871 11.083476 0.696401 0.717653 0.000352 -6.318696 -0.003023 0.002444 0.999992 -0.033656
0.717646 -0.696397 0.003885 11.083476 0.696401 0.717653 0.000490 -6.318696 -0.003129 0.002354 0.999992 -0.033656
0.717646 -0.696397 0.003922 11.083476 0.696401 0.717653 0.000526 -6.318696 -0.003181 0.002354 0.999992 -0.033656
0.717646 -0.696397 0.003953 11.083476 0.696401 0.717653 0.000499 -6.318696 -0.003185 0.002395 0.999992 -0.033656
0.717645 -0.696397 0.003990 11.083476 0.696401 0.717653 0.000619 -6.318696 -0.003294 0.002335 0.999992 -0.033656
0.717645 -0.696398 0.003935 11.083476 0.696401 0.717653 0.000701 -6.318696 -0.003312 0.002237 0.999992 -0.033656
0.717645 -0.696398 0.003970 11.083476 0.696401 0.717653 0.000707 -6.318696 -0.003341 0.002257 0.999992 -0.033656
0.717645 -0.696398 0.004044 11.083476 0.696401 0.717652 0.000650 -6.318696 -0.003355 0.002350 0.999992 -0.033656
0.717645 -0.696397 0.004037 11.083476 0.696401 0.717653 0.000641 -6.318696 -0.003343 0.002351 0.999992 -0.033656
0.717645 -0.696397 0.004037 11.083476 0.696401 0.717653 0.000641 -6.318696 -0.003343 0.002351 0.999992 -0.033656
0.717645 -0.696397 0.004037 11.083476 0.696401 0.717653 0.000641 -6.318696 -0.003343 0.002351 0.999992 -0.033656
0.717645 -0.696397 0.004037 11.083476 0.696401 0.717653 0.000641 -6.318696 -0.003343 0.002351 0.999992 -0.033656
0.717645 -0.696397 0.004037 11.083476 0.696401 0.717653 0.000641 -6.318696 -0.003343 0.002351 0.999992 -0.033656
0.717646 -0.696398 0.003892 11.083476 0.696401 0.717652 0.000540 -6.318696 -0.003170 0.002323 0.999992 -0.033656
0.717646 -0.696398 0.003894 11.083476 0.696401 0.717653 0.000633 -6.318696 -0.003235 0.002257 0.999992 -0.033656
