0.402023 -0.915623 -0.003274 11.505564 0.915595 0.402037 -0.007277 -6.507966 0.007980 -0.000072 0.999968 -0.032314
0.406884 -0.913470 -0.004179 11.555158 0.913472 0.406895 -0.002384 -6.397650 0.003878 -0.002847 0.999988 -0.031647
0.356254 -0.934357 -0.007741 11.602880 0.934372 0.356285 -0.003027 -6.285487 0.005586 -0.006155 0.999965 -0.031177
0.242857 -0.970062 -0.000182 11.637211 0.970017 0.242848 -0.009534 -6.172797 0.009293 0.002139 0.999955 -0.030174
0.175352 -0.984506 -0.000468 11.656003 0.984492 0.175352 -0.005222 -6.085613 0.005223 0.000455 0.999986 -0.029605
0.208833 -0.977951 -0.001049 11.659820 0.977940 0.208836 -0.004665 -6.062530 0.004781 -0.000052 0.999989 -0.029490
0.331408 -0.943487 -0.000259 11.655758 0.943481 0.331407 -0.003498 -6.065756 0.003386 0.000915 0.999994 -0.029507
0.351905 -0.936036 -0.000086 11.655094 0.936030 0.351903 -0.003567 -6.066808 0.003369 0.001174 0.999994 -0.029510
0.352162 -0.935939 -0.000015 11.655060 0.935934 0.352160 -0.003247 -6.066820 0.003045 0.001129 0.999995 -0.029511
0.352187 -0.935930 0.000059 11.655058 0.935926 0.352185 -0.002899 -6.066822 0.002692 0.001076 0.999996 -0.029511
0.352030 -0.935989 -0.000014 11.655079 0.935985 0.352028 -0.002791 -6.066814 0.002617 0.000969 0.999996 -0.029511
0.352051 -0.935981 -0.000086 11.655075 0.935977 0.352050 -0.002698 -6.066814 0.002555 0.000869 0.999996 -0.029511
0.352070 -0.935974 -0.000085 11.655072 0.935970 0.352069 -0.002696 -6.066815 0.002554 0.000869 0.999996 -0.029511
0.352070 -0.935974 -0.000055 11.655072 0.935970 0.352069 -0.002666 -6.066815 0.002515 0.000888 0.999996 -0.029511
0.352071 -0.935973 0.000108 11.655072 0.935970 0.352069 -0.002767 -6.066815 0.002552 0.001075 0.999996 -0.029511
0.352071 -0.935973 0.000211 11.655072 0.935970 0.352069 -0.002834 -6.066815 0.002579 0.001195 0.999996 -0.029511
0.352071 -0.935973 0.000211 11.655072 0.935970 0.352069 -0.002834 -6.066815 0.002579 0.001195 0.999996 -0.029511
0.352071 -0.935973 0.000211 11.655072 0.935970 0.352069 -0.002834 -6.066815 0.002579 0.001195 0.999996 -0.029511
0.352071 -0.935973 0.000211 11.655072 0.935970 0.352069 -0.002834 -6.066815 0.002579 0.001195 0.999996 -0.029511
0.352071 -0.935973 0.000211 11.655072 0.935970 0.352069 -0.002834 -6.066815 0.002579 0.001195 0.999996 -0.029511
0.352071 -0.935973 0.000211 11.655072 0.935970 0.352069 -0.002834 -6.066815 0.002579 0.001195 0.999996 -0.029511
0.352071 -0.935973 0.000065 11.655072 0.935969 0.352070 -0.002904 -6.066815 0.002695 0.001083 0.999996 -0.029511
0.352071 -0.935973 0.000177 11.655072 0.935970 0.352069 -0.002873 -6.066815 0.002626 0.001177 0.999996 -0.029511
0.352071 -0.935973 0.000165 11.655072 0.935969 0.352069 -0.002980 -6.066815 0.002731 0.001203 0.999996 -0.029511
0.352071 -0.935973 0.000193 11.655072 0.935969 0.352069 -0.003024 -6.066815 0.002762 0.001245 0.999995 -0.029511
0.352071 -0.935973 0.000116 11.655072 0.935969 0.352069 -0.002956 -6.066815 0.002726 0.001149 0.999996 -0.029511
0.352071 -0.935973 0.000032 11.655072 0.935969 0.352069 -0.002963 -6.066815 0.002762 0.001073 0.999996 -0.029511
0.352071 -0.935973 -0.000030 11.655072 0.935969 0.352069 -0.002972 -6.066815 0.002792 0.001018 0.999996 -0.029511
0.352071 -0.935973 -0.000031 11.655072 0.935969 0.352069 -0.002985 -6.066815 0.002805 0.001022 0.999996 -0.029511
0.352071 -0.935973 -0.000013 11.655072 0.935969 0.352069 -0.003026 -6.066815 0.002837 0.001053 0.999995 -0.029511
0.352071 -0.935973 -0.000022 11.655072 0.935969 0.352069 -0.003019 -6.066815 0.002833 0.001042 0.999995 -0.029511
0.352071 -0.935973 -0.000022 11.655072 0.935969 0.352069 -0.003019 -6.066815 0.002833 0.001042 0.999995 -0.029511
0.352071 -0.935973 -0.000022 11.655072 0.935969 0.352069 -0.003019 -6.066815 0.002833 0.001042 0.999995 -0.029511
0.352071 -0.935973 -0.000022 11.655072 0.935969 0.352069 -0.003019 -6.066815 0.002833 0.001042 0.999995 -0.029511
0.352071 -0.935973 -0.000022 11.655072 0.935969 0.352069 -0.003019 -6.066815 0.002833 0.001042 0.999995 -0.029511
0.352071 -0.935973 -0.000022 11.655072 0.935969 0.352069 -0.003019 -6.066815 0.002833 0.001042 0.999995 -0.029511
0.352071 -0.935973 -0.000043 11.655072 0.935969 0.352070 -0.003057 -6.066815 0.002876 0.001036 0.999995 -0.029511
0.352071 -0.935973 0.000050 11.655072 0.935969 0.352069 -0.002957 -6.066815 0.002750 0.001088 0.999996 -0.029511
0.352071 -0.935973 0.000095 11.655072 0.935969 0.352069 -0.002930 -6.066815 0.002708 0.001121 0.999996 -0.029511
0.352070 -0.935973 0.000198 11.655072 0.935970 0.352068 -0.002914 -6.066815 0.002658 0.001212 0.999996 -0.029511
0.352070 -0.935974 0.000225 11.655072 0.935970 0.352068 -0.002900 -6.066815 0.002635 0.001232 0.999996 -0.029511
0.352070 -0.935974 0.000168 11.655072 0.935970 0.352068 -0.002866 -6.066815 0.002623 0.001166 0.999996 -0.029511
0.352070 -0.935974 0.000074 11.655072 0.935970 0.352068 -0.002909 -6.066815 0.002696 0.001093 0.999996 -0.029511
0.352070 -0.935974 0.000011 11.655072 0.935970 0.352068 -0.002982 -6.066815 0.002787 0.001060 0.999996 -0.029511
0.352070 -0.935974 0.000017 11.655072 0.935970 0.352068 -0.002990 -6.066815 0.002792 0.001068 0.999996 -0.029511
0.352069 -0.935974 -0.000009 11.655072 0.935970 0.352068 -0.002911 -6.066815 0.002728 0.001016 0.999996 -0.029511
0.352070 -0.935974 0.000022 11.655072 0.935970 0.352068 -0.002858 -6.066815 0.002667 0.001027 0.999996 -0.029511
0.352069 -0.935974 0.000087 11.655072 0.935970 0.352068 -0.002795 -6.066815 0.002585 0.001066 0.999996 -0.029511
0.352069 -0.935974 0.000024 11.655072 0.935970 0.352068 -0.002739 -6.066815 0.002555 0.000987 0.999996 -0.029511
0.352070 -0.935974 0.000019 11.655072 0.935970 0.352068 -0.002702 -6.066815 0.002522 0.000969 0.999996 -0.029511
0.352070 -0.935974 0.000085 11.655072 0.935971 0.352068 -0.002663 -6.066815 0.002463 0.001017 0.999996 -0.029511
0.352070 -0.935974 0.000099 11.655072 0.935970 0.352069 -0.002719 -6.066815 0.002510 0.001050 0.999996 -0.029511
0.352070 -0.935974 0.000049 11.655072 0.935970 0.352069 -0.002701 -6.066815 0.002511 0.000997 0.999996 -0.029511
0.352070 -0.935974 0.000048 11.655072 0.935970 0.352069 -0.002676 -6.066815 0.002488 0.000987 0.999996 -0.029511
0.352071 -0.935973 0.000116 11.655072 0.935970 0.352069 -0.002810 -6.066815 0.002589 0.001098 0.999996 -0.029511
0.352071 -0.935973 0.000133 11.655072 0.935969 0.352069 -0.002902 -6.066815 0.002669 0.001146 0.999996 -0.029511
0.352071 -0.935973 0.000114 11.655072 0.935969 0.352069 -0.002974 -6.066815 0.002744 0.001154 0.999996 -0.029511
0.352071 -0.935973 0.000087 11.655072 0.935969 0.352069 -0.002999 -6.066815 0.002776 0.001137 0.999995 -0.029511
0.352071 -0.935973 0.000083 11.655072 0.935969 0.352069 -0.003008 -6.066815 0.002786 0.001137 0.999995 -0.029511
0.352071 -0.935973 0.000083 11.655072 0.935969 0.352069 -0.003008 -6.066815 0.002786 0.001137 0.999995 -0.029511
0.352071 -0.935973 0.000083 11.655072 0.935969 0.352069 -0.003008 -6.066815 0.002786 0.001137 0.999995 -0.029511
0.352071 -0.935973 0.000083 11.655072 0.935969 0.352069 -0.003008 -6.066815 0.002786 0.001137 0.999995 -0.029511
0.352071 -0.935973 0.000083 11.655072 0.935969 0.352069 -0.003008 -6.066815 0.002786 0.001137 0.999995 -0.029511
0.352071 -0.935973 0.000142 11.655072 0.935970 0.352069 -0.002833 -6.066815 0.002602 0.001130 0.999996 -0.029511
0.352071 -0.935973 0.000122 11.655072 0.935970 0.352070 -0.002813 -6.066815 0.002590 0.001104 0.999996 -0.029511
0.352071 -0.935973 0.000021 11.655072 0.935969 0.352070 -0.002887 -6.066815 0.002695 0.001036 0.999996 -0.029511
0.352071 -0.935973 -0.000039 11.655072 0.935969 0.352070 -0.002924 -6.066815 0.002751 0.000993 0.999996 -0.029511
0.352072 -0.935973 0.000062 11.655072 0.935969 0.352070 -0.002879 -6.066815 0.002673 0.001071 0.999996 -0.029511
0.352072 -0.935973 0.000066 11.655072 0.935969 0.352070 -0.002892 -6.066815 0.002684 0.001080 0.999996 -0.029511
0.352072 -0.935973 0.000023 11.655072 0.935969 0.352070 -0.002855 -6.066815 0.002664 0.001026 0.999996 -0.029511
0.352072 -0.935973 0.000131 11.655072 0.935969 0.352070 -0.002869 -6.066815 0.002639 0.001133 0.999996 -0.029511
0.352070 -0.935973 0.000157 11.655072 0.935970 0.352069 -0.002898 -6.066815 0.002657 0.001167 0.999996 -0.029511
0.352071 -0.935973 0.000130 11.655072 0.935970 0.352069 -0.002885 -6.066815 0.002655 0.001138 0.999996 -0.029511
0.352071 -0.935973 0.000130 11.655072 0.935970 0.352069 -0.002885 -6.066815 0.002655 0.001138 0.999996 -0.029511
0.352071 -0.935973 0.000130 11.655072 0.935970 0.352069 -0.002885 -6.066815 0.002655 0.001138 0.999996 -0.029511
0.352070 -0.935974 0.000122 11.655072 0.935969 0.352068 -0.003019 -6.066815 0.002782 0.001177 0.999995 -0.029511
0.352070 -0.935974 0.000050 11.655072 0.935970 0.352068 -0.002971 -6.066815 0.002763 0.001093 0.999996 -0.029511
0.352070 -0.935974 0.000151 11.655072 0.935970 0.352068 -0.002948 -6.066815 0.002706 0.001179 0.999996 -0.029511
0.352069 -0.935974 0.000016 11.655072 0.935970 0.352067 -0.002885 -6.066815 0.002695 0.001030 0.999996 -0.029511
0.352069 -0.935974 -0.000097 11.655072 0.935970 0.352067 -0.002814 -6.066815 0.002668 0.000900 0.999996 -0.029511
0.352069 -0.935974 -0.000106 11.655072 0.935970 0.352068 -0.002848 -6.066815 0.002703 0.000903 0.999996 -0.029511
0.352068 -0.935974 -0.000097 11.655072 0.935970 0.352067 -0.002870 -6.066815 0.002721 0.000920 0.999996 -0.029511
0.352069 -0.935974 -0.000065 11.655072 0.935970 0.352067 -0.002902 -6.066815 0.002739 0.000961 0.999996 -0.029511
0.352069 -0.935974 -0.000059 11.655072 0.935970 0.352067 -0.002989 -6.066815 0.002818 0.000997 0.999996 -0.029511
0.352069 -0.935974 -0.000039 11.655072 0.935969 0.352068 -0.003079 -6.066815 0.002896 0.001048 0.999995 -0.029511
0.352070 -0.935974 -0.000038 11.655072 0.935969 0.352068 -0.003063 -6.066815 0.002880 0.001043 0.999995 -0.029511
0.352070 -0.935974 -0.000038 11.655072 0.935969 0.352068 -0.003063 -6.066815 0.002880 0.001043 0.999995 -0.029511
0.352070 -0.935974 -0.000038 11.655072 0.935969 0.352068 -0.003063 -6.066815 0.002880 0.001043 0.999995 -0.029511
0.352070 -0.935974 -0.000038 11.655072 0.935969 0.352068 -0.003063 -6.066815 0.002880 0.001043 0.999995 -0.029511
0.352070 -0.935974 -0.000038 11.655072 0.935969 0.352068 -0.003063 -6.066815 0.002880 0.001043 0.999995 -0.029511
0.352070 -0.935974 -0.000038 11.655072 0.935969 0.352068 -0.003063 -6.066815 0.002880 0.001043 0.999995 -0.029511
0.352069 -0.935974 -0.000057 11.655072 0.935970 0.352068 -0.002958 -6.066815 0.002789 0.000988 0.999996 -0.029511
0.352070 -0.935974 -0.000022 11.655072 0.935970 0.352069 -0.002846 -6.066815 0.002672 0.000982 0.999996 -0.029511
0.352070 -0.935974 0.000023 11.655072 0.935970 0.352068 -0.002833 -6.066815 0.002643 0.001019 0.999996 -0.029511
0.352071 -0.935973 0.000084 11.655072 0.935970 0.352069 -0.002854 -6.066815 0.002642 0.001083 0.999996 -0.029511
0.352070 -0.935974 0.000056 11.655072 0.935969 0.352069 -0.002992 -6.066815 0.002781 0.001106 0.999996 -0.029511
0.352070 -0.935974 0.000015 11.655072 0.935969 0.352068 -0.003087 -6.066815 0.002884 0.001101 0.999995 -0.029511
0.352070 -0.935974 -0.000018 11.655072 0.935970 0.352068 -0.003036 -6.066815 0.002848 0.001052 0.999995 -0.029511
0.352070 -0.935974 -0.000008 11.655072 0.935970 0.352068 -0.002993 -6.066815 0.002804 0.001047 0.999996 -0.029511
0.352069 -0.935974 -0.000030 11.655072 0.935970 0.352068 -0.002942 -6.066815 0.002764 0.001008 0.999996 -0.029511
0.352069 -0.935974 -0.000030 11.655072 0.935970 0.352068 -0.002942 -6.066815 0.002764 0.001008 0.999996 -0.029511
0.352069 -0.935974 -0.000030 11.655072 0.935970 0.352068 -0.002942 -6.066815 0.002764 0.001008 0.999996 -0.029511
0.352069 -0.935974 -0.000030 11.655072 0.935970 0.352068 -0.002942 -6.066815 0.002764 0.001008 0.999996 -0.029511
0.352069 -0.935974 -0.000030 11.655072 0.935970 0.352068 -0.002942 -6.066815 0.002764 0.001008 0.999996 -0.029511
0.352069 -0.935974 -0.000030 11.655072 0.935970 0.352068 -0.002942 -6.066815 0.002764 0.001008 0.999996 -0.029511
0.352070 -0.935974 0.000208 11.655072 0.935970 0.352068 -0.002831 -6.066815 0.002576 0.001191 0.999996 -0.029511
0.352070 -0.935974 0.000035 11.655072 0.935970 0.352068 -0.002867 -6.066815 0.002671 0.001042 0.999996 -0.029511
0.352070 -0.935974 -0.000135 11.655072 0.935970 0.352068 -0.002918 -6.066815 0.002779 0.000901 0.999996 -0.029511
0.352070 -0.935974 -0.000206 11.655072 0.935970 0.352069 -0.002952 -6.066815 0.002836 0.000847 0.999996 -0.029511
0.352069 -0.935974 -0.000193 11.655072 0.935969 0.352068 -0.002995 -6.066815 0.002871 0.000874 0.999995 -0.029511
0.352069 -0.935974 -0.000178 11.655072 0.935970 0.352068 -0.002973 -6.066815 0.002845 0.000880 0.999996 -0.029511
0.352070 -0.935974 -0.000140 11.655072 0.935970 0.352068 -0.002904 -6.066815 0.002768 0.000891 0.999996 -0.029511
0.352069 -0.935974 -0.000085 11.655072 0.935970 0.352068 -0.002886 -6.066815 0.002731 0.000937 0.999996 -0.029511
0.352069 -0.935974 -0.000137 11.655072 0.935970 0.352068 -0.002876 -6.066815 0.002740 0.000884 0.999996 -0.029511
0.352069 -0.935974 -0.000137 11.655072 0.935970 0.352068 -0.002876 -6.066815 0.002740 0.000884 0.999996 -0.029511
0.352070 -0.935974 -0.000056 11.655072 0.935970 0.352068 -0.002876 -6.066815 0.002711 0.000960 0.999996 -0.029511
0.352070 -0.935974 0.000003 11.655072 0.935970 0.352068 -0.002894 -6.066815 0.002707 0.001021 0.999996 -0.029511
0.352070 -0.935974 -0.000006 11.655072 0.935970 0.352068 -0.002828 -6.066815 0.002649 0.000990 0.999996 -0.029511
0.352070 -0.935974 -0.000101 11.655072 0.935970 0.352069 -0.002817 -6.066815 0.002672 0.000897 0.999996 -0.029511
0.352070 -0.935974 -0.000071 11.655072 0.935970 0.352068 -0.002913 -6.066815 0.002751 0.000959 0.999996 -0.029511
0.352070 -0.935974 0.000071 11.655072 0.935970 0.352068 -0.003005 -6.066815 0.002787 0.001124 0.999995 -0.029511
0.352070 -0.935974 0.000087 11.655072 0.935970 0.352068 -0.002922 -6.066815 0.002705 0.001111 0.999996 -0.029511
0.352070 -0.935974 0.000149 11.655072 0.935970 0.352068 -0.002904 -6.066815 0.002665 0.001162 0.999996 -0.029511
0.352070 -0.935974 0.000079 11.655072 0.935970 0.352068 -0.002924 -6.066815 0.002709 0.001103 0.999996 -0.029511
0.352070 -0.935974 -0.000005 11.655072 0.935970 0.352068 -0.003013 -6.066815 0.002822 0.001056 0.999995 -0.029511
0.352070 -0.935974 -0.000029 11.655072 0.935970 0.352068 -0.003012 -6.066815 0.002829 0.001033 0.999995 -0.029511
0.352069 -0.935974 -0.000032 11.655072 0.935970 0.352068 -0.002970 -6.066815 0.002791 0.001016 0.999996 -0.029511
0.352070 -0.935974 -0.000023 11.655072 0.935970 0.352068 -0.002882 -6.066815 0.002705 0.000994 0.999996 -0.029511
0.352070 -0.935974 -0.000023 11.655072 0.935970 0.352068 -0.002882 -6.066815 0.002705 0.000994 0.999996 -0.029511
0.352070 -0.935974 -0.000023 11.655072 0.935970 0.352068 -0.002882 -6.066815 0.002705 0.000994 0.999996 -0.029511
0.352070 -0.935974 -0.000023 11.655072 0.935970 0.352068 -0.002882 -6.066815 0.002705 0.000994 0.999996 -0.029511
0.352070 -0.935974 -0.000023 11.655072 0.935970 0.352068 -0.002882 -6.066815 0.002705 0.000994 0.999996 -0.029511
0.352070 -0.935974 -0.000023 11.655072 0.935970 0.352068 -0.002882 -6.066815 0.002705 0.000994 0.999996 -0.029511
0.352070 -0.935974 0.000070 11.655072 0.935970 0.352068 -0.002966 -6.066815 0.002751 0.001110 0.999996 -0.029511
0.352070 -0.935974 0.000141 11.655072 0.935970 0.352068 -0.002966 -6.066815 0.002726 0.001176 0.999996 -0.029511
0.352070 -0.935974 0.000224 11.655072 0.935970 0.352067 -0.002982 -6.066815 0.002712 0.001259 0.999996 -0.029511
0.352070 -0.935974 0.000225 11.655072 0.935970 0.352067 -0.002994 -6.066815 0.002723 0.001265 0.999995 -0.029511
0.352070 -0.935974 0.000163 11.655072 0.935970 0.352068 -0.003010 -6.066815 0.002760 0.001213 0.999995 -0.029511
0.352070 -0.935974 0.000121 11.655072 0.935970 0.352067 -0.003076 -6.066815 0.002837 0.001196 0.999995 -0.029511
0.352069 -0.935974 0.000067 11.655072 0.935970 0.352067 -0.003074 -6.066815 0.002854 0.001145 0.999995 -0.029511
0.352069 -0.935974 0.000011 11.655072 0.935970 0.352068 -0.003019 -6.066815 0.002822 0.001073 0.999995 -0.029511
0.352070 -0.935974 0.000036 11.655072 0.935970 0.352068 -0.002969 -6.066815 0.002766 0.001080 0.999996 -0.029511
0.352070 -0.935974 0.000036 11.655072 0.935970 0.352068 -0.002969 -6.066815 0.002766 0.001080 0.999996 -0.029511
0.352070 -0.935974 0.000036 11.655072 0.935970 0.352068 -0.002969 -6.066815 0.002766 0.001080 0.999996 -0.029511
0.352070 -0.935974 0.000036 11.655072 0.935970 0.352068 -0.002969 -6.066815 0.002766 0.001080 0.999996 -0.029511
0.352070 -0.935974 0.000036 11.655072 0.935970 0.352068 -0.002969 -6.066815 0.002766 0.001080 0.999996 -0.029511
0.352070 -0.935974 0.000036 11.655072 0.935970 0.352068 -0.002969 -6.066815 0.002766 0.001080 0.999996 -0.029511
0.352070 -0.935974 -0.000110 11.655072 0.935969 0.352068 -0.003102 -6.066815 0.002942 0.000989 0.999995 -0.029511
0.352070 -0.935974 -0.000127 11.655072 0.935969 0.352068 -0.003169 -6.066815 0.003011 0.000997 0.999995 -0.029511
0.352070 -0.935974 0.000013 11.655072 0.935969 0.352068 -0.003273 -6.066815 0.003059 0.001164 0.999995 -0.029511
0.352070 -0.935974 0.000033 11.655072 0.935969 0.352068 -0.003196 -6.066815 0.002980 0.001156 0.999995 -0.029511
0.352070 -0.935974 0.000043 11.655072 0.935969 0.352068 -0.003128 -6.066815 0.002912 0.001141 0.999995 -0.029511
0.352070 -0.935974 0.000040 11.655072 0.935969 0.352068 -0.003092 -6.066815 0.002880 0.001126 0.999995 -0.029511
0.352070 -0.935974 0.000099 11.655072 0.935970 0.352068 -0.003007 -6.066815 0.002780 0.001151 0.999995 -0.029511
0.352070 -0.935974 0.000075 11.655072 0.935970 0.352068 -0.003010 -6.066815 0.002791 0.001130 0.999995 -0.029511
0.352069 -0.935974 0.000067 11.655072 0.935970 0.352068 -0.003000 -6.066815 0.002784 0.001119 0.999995 -0.029511
0.352069 -0.935974 0.000067 11.655072 0.935970 0.352068 -0.003000 -6.066815 0.002784 0.001119 0.999995 -0.029511
0.352069 -0.935974 -0.000053 11.655072 0.935970 0.352068 -0.002988 -6.066815 0.002816 0.001003 0.999996 -0.029511
0.352069 -0.935974 -0.000055 11.655072 0.935970 0.352068 -0.002967 -6.066815 0.002796 0.000993 0.999996 -0.029511
0.352070 -0.935974 -0.000012 11.655072 0.935970 0.352068 -0.002882 -6.066815 0.002702 0.001003 0.999996 -0.029511
0.352070 -0.935974 0.000017 11.655072 0.935970 0.352069 -0.002863 -6.066815 0.002674 0.001024 0.999996 -0.029511
0.352070 -0.935974 0.000072 11.655072 0.935969 0.352069 -0.002969 -6.066815 0.002754 0.001113 0.999996 -0.029511
0.352071 -0.935973 0.000082 11.655072 0.935969 0.352069 -0.002978 -6.066815 0.002759 0.001125 0.999996 -0.029511
0.352070 -0.935973 0.000031 11.655072 0.935970 0.352069 -0.002912 -6.066815 0.002714 0.001054 0.999996 -0.029511
0.352070 -0.935974 -0.000070 11.655072 0.935970 0.352069 -0.002855 -6.066815 0.002697 0.000939 0.999996 -0.029511
0.352071 -0.935973 -0.000150 11.655072 0.935970 0.352070 -0.002805 -6.066815 0.002678 0.000847 0.999996 -0.029511
0.352070 -0.935974 -0.000099 11.655072 0.935970 0.352069 -0.002774 -6.066815 0.002631 0.000884 0.999996 -0.029511
0.352070 -0.935974 -0.000066 11.655072 0.935969 0.352069 -0.002920 -6.066815 0.002756 0.000966 0.999996 -0.029511
0.352070 -0.935974 -0.000043 11.655072 0.935969 0.352069 -0.003030 -6.066815 0.002852 0.001027 0.999995 -0.029511
0.352070 -0.935974 -0.000032 11.655072 0.935969 0.352069 -0.002991 -6.066815 0.002810 0.001023 0.999996 -0.029511
0.352070 -0.935974 -0.000032 11.655072 0.935969 0.352069 -0.002991 -6.066815 0.002810 0.001023 0.999996 -0.029511
0.352070 -0.935974 -0.000032 11.655072 0.935969 0.352069 -0.002991 -6.066815 0.002810 0.001023 0.999996 -0.029511
0.352070 -0.935974 -0.000032 11.655072 0.935969 0.352069 -0.002991 -6.066815 0.002810 0.001023 0.999996 -0.029511
0.352070 -0.935974 0.000078 11.655072 0.935969 0.352068 -0.003177 -6.066815 0.002946 0.001192 0.999995 -0.029511
0.352070 -0.935974 0.000078 11.655072 0.935969 0.352068 -0.003177 -6.066815 0.002946 0.001192 0.999995 -0.029511
0.352070 -0.935974 -0.000005 11.655072 0.935969 0.352068 -0.003106 -6.066815 0.002909 0.001088 0.999995 -0.029511
0.352069 -0.935974 -0.000021 11.655072 0.935969 0.352068 -0.003119 -6.066815 0.002927 0.001078 0.999995 -0.029511
0.352069 -0.935974 -0.000015 11.655072 0.935970 0.352068 -0.003038 -6.066815 0.002849 0.001055 0.999995 -0.029511
0.352069 -0.935974 -0.000043 11.655072 0.935970 0.352068 -0.002891 -6.066815 0.002721 0.000978 0.999996 -0.029511
0.352069 -0.935974 -0.000057 11.655072 0.935970 0.352068 -0.002860 -6.066815 0.002697 0.000954 0.999996 -0.029511
0.352069 -0.935974 0.000053 11.655072 0.935970 0.352068 -0.002937 -6.066815 0.002730 0.001084 0.999996 -0.029511
0.352069 -0.935974 0.000070 11.655072 0.935970 0.352068 -0.002953 -6.066815 0.002739 0.001106 0.999996 -0.029511
0.352070 -0.935974 0.000060 11.655072 0.935970 0.352068 -0.003058 -6.066815 0.002842 0.001133 0.999995 -0.029511
0.352069 -0.935974 0.000037 11.655072 0.935969 0.352068 -0.003100 -6.066815 0.002888 0.001126 0.999995 -0.029511
0.352069 -0.935974 0.000037 11.655072 0.935969 0.352068 -0.003100 -6.066815 0.002888 0.001126 0.999995 -0.029511
0.352069 -0.935974 0.000037 11.655072 0.935969 0.352068 -0.003100 -6.066815 0.002888 0.001126 0.999995 -0.029511
0.352069 -0.935974 0.000037 11.655072 0.935969 0.352068 -0.003100 -6.066815 0.002888 0.001126 0.999995 -0.029511
0.352069 -0.935974 0.000037 11.655072 0.935969 0.352068 -0.003100 -6.066815 0.002888 0.001126 0.999995 -0.029511
0.352069 -0.935974 0.000037 11.655072 0.935969 0.352068 -0.003100 -6.066815 0.002888 0.001126 0.999995 -0.029511
0.352070 -0.935974 0.000152 11.655072 0.935970 0.352068 -0.003014 -6.066815 0.002767 0.001204 0.999995 -0.029511
0.352070 -0.935974 0.000226 11.655072 0.935970 0.352067 -0.002984 -6.066815 0.002714 0.001262 0.999996 -0.029511
0.352069 -0.935974 0.000125 11.655072 0.935970 0.352067 -0.002996 -6.066815 0.002760 0.001172 0.999996 -0.029511
0.352069 -0.935974 0.000059 11.655072 0.935970 0.352067 -0.002945 -6.066815 0.002735 0.001092 0.999996 -0.029511
0.352069 -0.935974 0.000014 11.655072 0.935970 0.352067 -0.002897 -6.066815 0.002707 0.001033 0.999996 -0.029511
0.352069 -0.935974 -0.000019 11.655072 0.935970 0.352067 -0.002862 -6.066815 0.002685 0.000990 0.999996 -0.029511
0.352069 -0.935974 -0.000104 11.655072 0.935970 0.352068 -0.002833 -6.066815 0.002689 0.000900 0.999996 -0.029511
0.352068 -0.935974 -0.000117 11.655072 0.935970 0.352067 -0.002882 -6.066815 0.002739 0.000906 0.999996 -0.029511
0.352068 -0.935974 -0.000087 11.655072 0.935970 0.352067 -0.002937 -6.066815 0.002779 0.000952 0.999996 -0.029511
0.352068 -0.935974 -0.000087 11.655072 0.935970 0.352067 -0.002937 -6.066815 0.002779 0.000952 0.999996 -0.029511
0.352068 -0.935974 -0.000041 11.655072 0.935971 0.352067 -0.002806 -6.066815 0.002641 0.000949 0.999996 -0.029511
0.352069 -0.935974 0.000092 11.655072 0.935970 0.352067 -0.002900 -6.066815 0.002682 0.001107 0.999996 -0.029511
0.352068 -0.935974 0.000144 11.655072 0.935971 0.352066 -0.002957 -6.066815 0.002717 0.001176 0.999996 -0.029511
0.352068 -0.935974 0.000100 11.655072 0.935971 0.352066 -0.002875 -6.066815 0.002656 0.001106 0.999996 -0.029511
0.352068 -0.935975 0.000079 11.655072 0.935971 0.352066 -0.002784 -6.066815 0.002578 0.001054 0.999996 -0.029511
0.352068 -0.935975 0.000083 11.655072 0.935971 0.352066 -0.002641 -6.066815 0.002443 0.001007 0.999997 -0.029511
0.352068 -0.935974 0.000131 11.655072 0.935971 0.352067 -0.002671 -6.066815 0.002454 0.001063 0.999996 -0.029511
0.352069 -0.935974 0.000125 11.655072 0.935971 0.352067 -0.002743 -6.066815 0.002523 0.001083 0.999996 -0.029511
0.352069 -0.935974 0.000059 11.655072 0.935970 0.352068 -0.002800 -6.066815 0.002600 0.001041 0.999996 -0.029511
0.352069 -0.935974 -0.000055 11.655072 0.935970 0.352067 -0.002875 -6.066815 0.002711 0.000961 0.999996 -0.029511
0.352068 -0.935974 -0.000004 11.655072 0.935970 0.352067 -0.002910 -6.066815 0.002725 0.001020 0.999996 -0.029511
0.352068 -0.935975 0.000026 11.655072 0.935971 0.352066 -0.002916 -6.066815 0.002720 0.001051 0.999996 -0.029511
0.352068 -0.935974 0.000092 11.655072 0.935970 0.352066 -0.002953 -6.066815 0.002732 0.001126 0.999996 -0.029511
0.352068 -0.935974 0.000092 11.655072 0.935970 0.352066 -0.002953 -6.066815 0.002732 0.001126 0.999996 -0.029511
0.352068 -0.935974 0.000092 11.655072 0.935970 0.352066 -0.002953 -6.066815 0.002732 0.001126 0.999996 -0.029511
0.352068 -0.935974 0.000092 11.655072 0.935970 0.352066 -0.002953 -6.066815 0.002732 0.001126 0.999996 -0.029511
0.352068 -0.935974 0.000092 11.655072 0.935970 0.352066 -0.002953 -6.066815 0.002732 0.001126 0.999996 -0.029511
0.352068 -0.935974 0.000092 11.655072 0.935970 0.352066 -0.002953 -6.066815 0.002732 0.001126 0.999996 -0.029511
0.352068 -0.935974 0.000092 11.655072 0.935970 0.352066 -0.002953 -6.066815 0.002732 0.001126 0.999996 -0.029511
0.352068 -0.935974 0.000029 11.655072 0.935970 0.352066 -0.003038 -6.066815 0.002833 0.001097 0.999995 -0.029511
0.352067 -0.935975 0.000008 11.655072 0.935971 0.352065 -0.002909 -6.066815 0.002720 0.001032 0.999996 -0.029511
0.352067 -0.935975 0.000006 11.655072 0.935971 0.352066 -0.002805 -6.066815 0.002623 0.000993 0.999996 -0.029511
0.352067 -0.935975 -0.000008 11.655072 0.935971 0.352066 -0.002811 -6.066815 0.002634 0.000982 0.999996 -0.029511
0.352067 -0.935975 -0.000032 11.655072 0.935971 0.352066 -0.002840 -6.066815 0.002669 0.000970 0.999996 -0.029511
0.352067 -0.935975 -0.000030 11.655072 0.935971 0.352066 -0.002872 -6.066815 0.002699 0.000983 0.999996 -0.029511
0.352067 -0.935975 0.000064 11.655072 0.935971 0.352066 -0.002914 -6.066815 0.002704 0.001086 0.999996 -0.029511
0.352067 -0.935975 0.000081 11.655072 0.935971 0.352066 -0.002889 -6.066815 0.002675 0.001092 0.999996 -0.029511
0.352067 -0.935975 0.000081 11.655072 0.935971 0.352066 -0.002889 -6.066815 0.002675 0.001092 0.999996 -0.029511
0.352067 -0.935975 0.000081 11.655072 0.935971 0.352066 -0.002889 -6.066815 0.002675 0.001092 0.999996 -0.029511
0.352067 -0.935975 0.000081 11.655072 0.935971 0.352066 -0.002889 -6.066815 0.002675 0.001092 0.999996 -0.029511
0.352067 -0.935975 0.000081 11.655072 0.935971 0.352066 -0.002889 -6.066815 0.002675 0.001092 0.999996 -0.029511
0.352067 -0.935975 0.000081 11.655072 0.935971 0.352066 -0.002889 -6.066815 0.002675 0.001092 0.999996 -0.029511
0.352067 -0.935975 -0.000040 11.655072 0.935971 0.352066 -0.002933 -6.066815 0.002759 0.000995 0.999996 -0.029511
0.352066 -0.935975 0.000035 11.655072 0.935971 0.352065 -0.002939 -6.066815 0.002739 0.001067 0.999996 -0.029511
0.352066 -0.935975 -0.000008 11.655072 0.935971 0.352064 -0.002964 -6.066815 0.002777 0.001036 0.999996 -0.029511
0.352066 -0.935975 0.000020 11.655072 0.935971 0.352064 -0.003040 -6.066815 0.002838 0.001089 0.999995 -0.029511
0.352066 -0.935975 0.000002 11.655072 0.935971 0.352065 -0.003100 -6.066815 0.002901 0.001093 0.999995 -0.029511
0.352067 -0.935975 0.000097 11.655072 0.935971 0.352065 -0.003066 -6.066815 0.002835 0.001170 0.999995 -0.029511
0.352067 -0.935975 0.000120 11.655072 0.935971 0.352065 -0.003022 -6.066815 0.002787 0.001176 0.999995 -0.029511
0.352066 -0.935975 0.000053 11.655072 0.935971 0.352065 -0.002916 -6.066815 0.002711 0.001076 0.999996 -0.029511
0.352066 -0.935975 -0.000007 11.655072 0.935971 0.352065 -0.002857 -6.066815 0.002676 0.000999 0.999996 -0.029511
0.352066 -0.935975 -0.000007 11.655072 0.935971 0.352065 -0.002857 -6.066815 0.002676 0.000999 0.999996 -0.029511
0.352066 -0.935975 0.000067 11.655072 0.935971 0.352065 -0.002851 -6.066815 0.002645 0.001066 0.999996 -0.029511
0.352066 -0.935975 -0.000019 11.655072 0.935971 0.352065 -0.002869 -6.066815 0.002692 0.000992 0.999996 -0.029511
0.352066 -0.935975 -0.000014 11.655072 0.935971 0.352065 -0.002893 -6.066815 0.002712 0.001005 0.999996 -0.029511
0.352066 -0.935975 0.000031 11.655072 0.935971 0.352064 -0.002925 -6.066815 0.002727 0.001059 0.999996 -0.029511
0.352066 -0.935975 0.000036 11.655072 0.935971 0.352064 -0.002923 -6.066815 0.002723 0.001062 0.999996 -0.029511
0.352066 -0.935975 0.000024 11.655072 0.935971 0.352065 -0.002850 -6.066815 0.002659 0.001025 0.999996 -0.029511
0.352066 -0.935975 -0.000007 11.655072 0.935971 0.352065 -0.002957 -6.066815 0.002771 0.001034 0.999996 -0.029511
0.352065 -0.935976 -0.000018 11.655072 0.935971 0.352064 -0.002933 -6.066815 0.002752 0.001015 0.999996 -0.029511
0.352064 -0.935976 -0.000039 11.655072 0.935972 0.352063 -0.002900 -6.066815 0.002728 0.000985 0.999996 -0.029511
0.352064 -0.935976 -0.000041 11.655072 0.935972 0.352063 -0.002891 -6.066815 0.002720 0.000979 0.999996 -0.029511
0.352064 -0.935976 0.000030 11.655072 0.935972 0.352062 -0.002972 -6.066815 0.002771 0.001074 0.999996 -0.029511
0.352064 -0.935976 0.000176 11.655072 0.935972 0.352062 -0.003012 -6.066815 0.002757 0.001225 0.999995 -0.029511
0.352064 -0.935976 0.000178 11.655072 0.935972 0.352062 -0.002973 -6.066815 0.002720 0.001213 0.999996 -0.029511
0.352064 -0.935976 0.000178 11.655072 0.935972 0.352062 -0.002973 -6.066815 0.002720 0.001213 0.999996 -0.029511
0.352064 -0.935976 0.000178 11.655072 0.935972 0.352062 -0.002973 -6.066815 0.002720 0.001213 0.999996 -0.029511
0.352064 -0.935976 0.000178 11.655072 0.935972 0.352062 -0.002973 -6.066815 0.002720 0.001213 0.999996 -0.029511
0.352064 -0.935976 0.000178 11.655072 0.935972 0.352062 -0.002973 -6.066815 0.002720 0.001213 0.999996 -0.029511
0.352064 -0.935976 0.000178 11.655072 0.935972 0.352062 -0.002973 -6.066815 0.002720 0.001213 0.999996 -0.029511
0.352064 -0.935976 0.000008 11.655072 0.935972 0.352062 -0.003030 -6.066815 0.002833 0.001074 0.999995 -0.029511
0.352064 -0.935976 -0.000010 11.655072 0.935972 0.352062 -0.003022 -6.066815 0.002832 0.001054 0.999995 -0.029511
0.352064 -0.935976 -0.000033 11.655072 0.935972 0.352062 -0.003044 -6.066815 0.002861 0.001041 0.999995 -0.029511
0.352064 -0.935976 -0.000050 11.655072 0.935972 0.352062 -0.003058 -6.066815 0.002880 0.001030 0.999995 -0.029511
0.352063 -0.935976 0.000028 11.655072 0.935972 0.352062 -0.003004 -6.066815 0.002802 0.001083 0.999995 -0.029511
0.352063 -0.935976 0.000077 11.655072 0.935972 0.352062 -0.002960 -6.066815 0.002744 0.001114 0.999996 -0.029511
0.352064 -0.935976 0.000115 11.655072 0.935972 0.352062 -0.002855 -6.066815 0.002632 0.001113 0.999996 -0.029511
0.352063 -0.935976 0.000080 11.655072 0.935973 0.352061 -0.002745 -6.066815 0.002541 0.001042 0.999996 -0.029511
0.352063 -0.935976 0.000097 11.655072 0.935973 0.352061 -0.002766 -6.066815 0.002555 0.001065 0.999996 -0.029511
0.352063 -0.935976 0.000097 11.655072 0.935973 0.352061 -0.002766 -6.066815 0.002555 0.001065 0.999996 -0.029511
0.352063 -0.935976 0.000097 11.655072 0.935973 0.352061 -0.002766 -6.066815 0.002555 0.001065 0.999996 -0.029511
0.352063 -0.935976 0.000097 11.655072 0.935973 0.352061 -0.002766 -6.066815 0.002555 0.001065 0.999996 -0.029511
0.352063 -0.935976 0.000097 11.655072 0.935973 0.352061 -0.002766 -6.066815 0.002555 0.001065 0.999996 -0.029511
0.352063 -0.935976 0.000097 11.655072 0.935973 0.352061 -0.002766 -6.066815 0.002555 0.001065 0.999996 -0.029511
0.352063 -0.935976 -0.000021 11.655072 0.935972 0.352061 -0.002957 -6.066815 0.002775 0.001021 0.999996 -0.029511
0.352061 -0.935977 -0.000173 11.655072 0.935973 0.352060 -0.002910 -6.066815 0.002785 0.000862 0.999996 -0.029511
0.352061 -0.935977 -0.000198 11.655072 0.935973 0.352061 -0.002876 -6.066815 0.002762 0.000827 0.999996 -0.029511
0.352062 -0.935977 -0.000062 11.655072 0.935973 0.352061 -0.002791 -6.066815 0.002635 0.000925 0.999996 -0.029511
0.352062 -0.935977 0.000092 11.655072 0.935973 0.352060 -0.002855 -6.066815 0.002639 0.001092 0.999996 -0.029511
0.352062 -0.935977 0.000113 11.655072 0.935973 0.352060 -0.002909 -6.066815 0.002683 0.001130 0.999996 -0.029511
0.352062 -0.935977 0.000166 11.655072 0.935973 0.352060 -0.002968 -6.066815 0.002719 0.001200 0.999996 -0.029511
0.352062 -0.935977 0.000163 11.655072 0.935973 0.352060 -0.002946 -6.066815 0.002700 0.001189 0.999996 -0.029511
0.352062 -0.935977 0.000163 11.655072 0.935973 0.352060 -0.002946 -6.066815 0.002700 0.001189 0.999996 -0.029511
0.352062 -0.935977 0.000163 11.655072 0.935973 0.352060 -0.002946 -6.066815 0.002700 0.001189 0.999996 -0.029511
0.352062 -0.935977 0.000038 11.655072 0.935973 0.352060 -0.002843 -6.066815 0.002648 0.001037 0.999996 -0.029511
0.352063 -0.935976 0.000044 11.655072 0.935973 0.352061 -0.002846 -6.066815 0.002648 0.001043 0.999996 -0.029511
0.352062 -0.935977 0.000114 11.655072 0.935973 0.352060 -0.002924 -6.066815 0.002697 0.001136 0.999996 -0.029511
0.352062 -0.935977 0.000088 11.655072 0.935973 0.352060 -0.002961 -6.066815 0.002740 0.001125 0.999996 -0.029511
0.352062 -0.935977 0.000088 11.655072 0.935973 0.352060 -0.002961 -6.066815 0.002740 0.001125 0.999996 -0.029511
0.352062 -0.935977 0.000086 11.655072 0.935972 0.352060 -0.002998 -6.066815 0.002776 0.001136 0.999996 -0.029511
0.352062 -0.935977 0.000029 11.655072 0.935972 0.352060 -0.003030 -6.066815 0.002826 0.001094 0.999995 -0.029511
0.352062 -0.935977 0.000050 11.655072 0.935973 0.352060 -0.002975 -6.066815 0.002767 0.001094 0.999996 -0.029511
0.352062 -0.935977 0.000150 11.655072 0.935973 0.352060 -0.002868 -6.066815 0.002632 0.001150 0.999996 -0.029511
0.352062 -0.935977 0.000166 11.655072 0.935973 0.352060 -0.002858 -6.066815 0.002616 0.001162 0.999996 -0.029511
0.352062 -0.935977 0.000199 11.655072 0.935973 0.352060 -0.002856 -6.066815 0.002603 0.001192 0.999996 -0.029511
0.352062 -0.935977 0.000245 11.655072 0.935973 0.352059 -0.002956 -6.066815 0.002681 0.001270 0.999996 -0.029511
0.352062 -0.935977 0.000229 11.655072 0.935973 0.352059 -0.002957 -6.066815 0.002688 0.001255 0.999996 -0.029511
0.352062 -0.935977 0.000229 11.655072 0.935973 0.352059 -0.002957 -6.066815 0.002688 0.001255 0.999996 -0.029511
0.352062 -0.935977 0.000229 11.655072 0.935973 0.352059 -0.002957 -6.066815 0.002688 0.001255 0.999996 -0.029511
0.352062 -0.935977 0.000229 11.655072 0.935973 0.352059 -0.002957 -6.066815 0.002688 0.001255 0.999996 -0.029511
0.352062 -0.935977 0.000229 11.655072 0.935973 0.352059 -0.002957 -6.066815 0.002688 0.001255 0.999996 -0.029511
0.352061 -0.935977 0.000196 11.655072 0.935973 0.352059 -0.002977 -6.066815 0.002717 0.001232 0.999996 -0.029511
0.352060 -0.935977 0.000242 11.655072 0.935974 0.352058 -0.002943 -6.066815 0.002669 0.001262 0.999996 -0.029511
0.352060 -0.935978 0.000192 11.655072 0.935974 0.352057 -0.002986 -6.066815 0.002727 0.001231 0.999996 -0.029511
0.352059 -0.935978 0.000135 11.655072 0.935974 0.352057 -0.002972 -6.066815 0.002735 0.001172 0.999996 -0.029511
0.352059 -0.935978 0.000061 11.655072 0.935974 0.352057 -0.002909 -6.066815 0.002701 0.001081 0.999996 -0.029511
0.352059 -0.935978 0.000037 11.655072 0.935974 0.352057 -0.002841 -6.066815 0.002646 0.001035 0.999996 -0.029511
0.352059 -0.935978 0.000048 11.655072 0.935974 0.352057 -0.002873 -6.066815 0.002672 0.001056 0.999996 -0.029511
0.352059 -0.935978 0.000034 11.655072 0.935974 0.352057 -0.002820 -6.066815 0.002628 0.001024 0.999996 -0.029511
0.352059 -0.935978 0.000040 11.655072 0.935974 0.352058 -0.002783 -6.066815 0.002591 0.001018 0.999996 -0.029511
0.352059 -0.935978 0.000043 11.655072 0.935974 0.352058 -0.002796 -6.066815 0.002602 0.001025 0.999996 -0.029511
