0.999927 -0.012104 0.000000 0.386726 0.012104 0.999927 0.000000 0.202523 0.000000 0.000000 1.000000 0.000000
0.999927 -0.012104 0.000000 0.386726 0.012104 0.999927 0.000000 0.202523 0.000000 0.000000 1.000000 0.000000
0.993381 0.114868 0.000000 0.703395 -0.114868 0.993381 -0.000000 0.229848 -0.000000 0.000000 1.000000 0.000000
0.993381 0.114868 0.000000 0.703395 -0.114868 0.993381 -0.000000 0.229848 -0.000000 0.000000 1.000000 0.000000
0.993381 0.114868 0.000000 0.703395 -0.114868 0.993381 -0.000000 0.229848 -0.000000 0.000000 1.000000 0.000000
0.989508 0.144479 0.000000 1.064039 -0.144479 0.989508 -0.000000 0.223401 -0.000000 0.000000 1.000000 0.000000
0.989508 0.144479 0.000000 1.064039 -0.144479 0.989508 -0.000000 0.223401 -0.000000 0.000000 1.000000 0.000000
0.996358 0.085266 0.000000 1.361603 -0.085266 0.996358 -0.000000 0.234285 -0.000000 0.000000 1.000000 0.000000
0.996358 0.085266 0.000000 1.361603 -0.085266 0.996358 -0.000000 0.234285 -0.000000 0.000000 1.000000 0.000000
0.996099 0.088248 0.000000 1.670809 -0.088248 0.996099 -0.000000 0.224286 -0.000000 0.000000 1.000000 0.000000
0.996099 0.088248 0.000000 1.670809 -0.088248 0.996099 -0.000000 0.224286 -0.000000 0.000000 1.000000 0.000000
0.996099 0.088248 0.000000 1.670809 -0.088248 0.996099 -0.000000 0.224286 -0.000000 0.000000 1.000000 0.000000
0.997954 0.063944 0.000000 2.017940 -0.063944 0.997954 -0.000000 0.212163 -0.000000 0.000000 1.000000 0.000000
0.997954 0.063944 0.000000 2.017940 -0.063944 0.997954 -0.000000 0.212163 -0.000000 0.000000 1.000000 0.000000
0.997691 0.067913 0.000000 2.344095 -0.067913 0.997691 -0.000000 0.207114 -0.000000 0.000000 1.000000 0.000000
0.997691 0.067913 0.000000 2.344095 -0.067913 0.997691 -0.000000 0.207114 -0.000000 0.000000 1.000000 0.000000
0.992368 -0.123316 0.000000 2.582387 0.123316 0.992368 0.000000 0.205008 0.000000 0.000000 1.000000 0.000000
0.930182 -0.367100 0.000000 2.736475 0.367100 0.930182 0.000000 0.206953 0.000000 0.000000 1.000000 0.000000
0.835396 -0.549648 0.000000 2.849605 0.549648 0.835396 0.000000 0.244592 0.000000 0.000000 1.000000 0.000000
0.698971 -0.715150 0.000000 2.953834 0.715150 0.698971 0.000000 0.274863 0.000000 0.000000 1.000000 0.000000
0.312027 -0.950073 0.000000 3.090793 0.950073 0.312027 0.000000 0.368867 0.000000 0.000000 1.000000 0.000000
0.078269 -0.996932 0.000000 3.145688 0.996932 0.078269 0.000000 0.443809 0.000000 0.000000 1.000000 0.000000
0.078269 -0.996932 0.000000 3.145688 0.996932 0.078269 0.000000 0.443809 0.000000 0.000000 1.000000 0.000000
-0.127126 -0.991887 0.000000 3.146761 0.991887 -0.127126 0.000000 0.602082 0.000000 0.000000 1.000000 0.000000
-0.127126 -0.991887 0.000000 3.146761 0.991887 -0.127126 0.000000 0.602082 0.000000 0.000000 1.000000 0.000000
-0.272382 -0.962189 0.000000 3.093027 0.962189 -0.272382 0.000000 0.856989 0.000000 0.000000 1.000000 0.000000
-0.272382 -0.962189 0.000000 3.093027 0.962189 -0.272382 0.000000 0.856989 0.000000 0.000000 1.000000 0.000000
-0.141282 -0.989969 0.000000 3.037730 0.989969 -0.141282 0.000000 1.104185 0.000000 0.000000 1.000000 0.000000
-0.141282 -0.989969 0.000000 3.037730 0.989969 -0.141282 0.000000 1.104185 0.000000 0.000000 1.000000 0.000000
-0.110318 -0.993896 0.000000 3.002371 0.993896 -0.110318 0.000000 1.360733 0.000000 0.000000 1.000000 0.000000
-0.110318 -0.993896 0.000000 3.002371 0.993896 -0.110318 0.000000 1.360733 0.000000 0.000000 1.000000 0.000000
-0.303467 -0.952842 0.000000 2.968600 0.952842 -0.303467 0.000000 1.596608 0.000000 0.000000 1.000000 0.000000
-0.502271 -0.864710 0.000000 2.919251 0.864710 -0.502271 0.000000 1.730594 0.000000 0.000000 1.000000 0.000000
-0.502271 -0.864710 0.000000 2.919251 0.864710 -0.502271 0.000000 1.730594 0.000000 0.000000 1.000000 0.000000
-0.664560 -0.747235 0.000000 2.849789 0.747235 -0.664560 0.000000 1.824629 0.000000 0.000000 1.000000 0.000000
-0.827628 -0.561278 0.000000 2.721484 0.561278 -0.827628 0.000000 1.923450 0.000000 0.000000 1.000000 0.000000
-0.938116 -0.346321 0.000000 2.539102 0.346321 -0.938116 0.000000 2.015352 0.000000 0.000000 1.000000 0.000000
-0.938116 -0.346321 0.000000 2.539102 0.346321 -0.938116 0.000000 2.015352 0.000000 0.000000 1.000000 0.000000
-0.990832 -0.135103 0.000000 2.343448 0.135103 -0.990832 0.000000 2.057319 0.000000 0.000000 1.000000 0.000000
-0.990832 -0.135103 0.000000 2.343448 0.135103 -0.990832 0.000000 2.057319 0.000000 0.000000 1.000000 0.000000
-0.991846 -0.127445 0.000000 2.074567 0.127445 -0.991846 0.000000 2.091667 0.000000 0.000000 1.000000 0.000000
-0.991846 -0.127445 0.000000 2.074567 0.127445 -0.991846 0.000000 2.091667 0.000000 0.000000 1.000000 0.000000
-0.943527 -0.331296 0.000000 1.889071 0.331296 -0.943527 0.000000 2.128611 0.000000 0.000000 1.000000 0.000000
-0.860764 -0.509005 0.000000 1.709270 0.509005 -0.860764 0.000000 2.220788 0.000000 0.000000 1.000000 0.000000
-0.860764 -0.509005 0.000000 1.709270 0.509005 -0.860764 0.000000 2.220788 0.000000 0.000000 1.000000 0.000000
-0.740697 -0.671840 0.000000 1.557839 0.671840 -0.740697 0.000000 2.335486 0.000000 0.000000 1.000000 0.000000
-0.740697 -0.671840 0.000000 1.557839 0.671840 -0.740697 0.000000 2.335486 0.000000 0.000000 1.000000 0.000000
-0.581467 -0.813570 0.000000 1.454105 0.813570 -0.581467 0.000000 2.486942 0.000000 0.000000 1.000000 0.000000
-0.581467 -0.813570 0.000000 1.454105 0.813570 -0.581467 0.000000 2.486942 0.000000 0.000000 1.000000 0.000000
-0.371855 -0.928291 0.000000 1.346439 0.928291 -0.371855 0.000000 2.710800 0.000000 0.000000 1.000000 0.000000
-0.371855 -0.928291 0.000000 1.346439 0.928291 -0.371855 0.000000 2.710800 0.000000 0.000000 1.000000 0.000000
-0.168898 -0.985634 0.000000 1.295330 0.985634 -0.168898 0.000000 2.945168 0.000000 0.000000 1.000000 0.000000
-0.168898 -0.985634 0.000000 1.295330 0.985634 -0.168898 0.000000 2.945168 0.000000 0.000000 1.000000 0.000000
0.033842 -0.999427 0.000000 1.294338 0.999427 0.033842 0.000000 3.192990 0.000000 0.000000 1.000000 0.000000
0.033842 -0.999427 0.000000 1.294338 0.999427 0.033842 0.000000 3.192990 0.000000 0.000000 1.000000 0.000000
0.199525 -0.979893 0.000000 1.315482 0.979893 0.199525 0.000000 3.447965 0.000000 0.000000 1.000000 0.000000
0.199525 -0.979893 0.000000 1.315482 0.979893 0.199525 0.000000 3.447965 0.000000 0.000000 1.000000 0.000000
0.199525 -0.979893 0.000000 1.315482 0.979893 0.199525 0.000000 3.447965 0.000000 0.000000 1.000000 0.000000
0.199525 -0.979893 0.000000 1.315482 0.979893 0.199525 0.000000 3.447965 0.000000 0.000000 1.000000 0.000000
0.199525 -0.979893 0.000000 1.315482 0.979893 0.199525 0.000000 3.447965 0.000000 0.000000 1.000000 0.000000
0.199525 -0.979893 0.000000 1.315482 0.979893 0.199525 0.000000 3.447965 0.000000 0.000000 1.000000 0.000000
0.199525 -0.979893 0.000000 1.315482 0.979893 0.199525 0.000000 3.447965 0.000000 0.000000 1.000000 0.000000
0.199525 -0.979893 0.000000 1.315482 0.979893 0.199525 0.000000 3.447965 0.000000 0.000000 1.000000 0.000000
0.199525 -0.979893 0.000000 1.315482 0.979893 0.199525 0.000000 3.447965 0.000000 0.000000 1.000000 0.000000
0.199525 -0.979893 0.000000 1.315482 0.979893 0.199525 0.000000 3.447965 0.000000 0.000000 1.000000 0.000000
0.199525 -0.979893 0.000000 1.315482 0.979893 0.199525 0.000000 3.447965 0.000000 0.000000 1.000000 0.000000
0.199525 -0.979893 0.000000 1.315482 0.979893 0.199525 0.000000 3.447965 0.000000 0.000000 1.000000 0.000000
0.199525 -0.979893 0.000000 1.315482 0.979893 0.199525 0.000000 3.447965 0.000000 0.000000 1.000000 0.000000
0.199525 -0.979893 0.000000 1.315482 0.979893 0.199525 0.000000 3.447965 0.000000 0.000000 1.000000 0.000000
0.199525 -0.979893 0.000000 1.315482 0.979893 0.199525 0.000000 3.447965 0.000000 0.000000 1.000000 0.000000
0.199525 -0.979893 0.000000 1.315482 0.979893 0.199525 0.000000 3.447965 0.000000 0.000000 1.000000 0.000000
0.199525 -0.979893 0.000000 1.315482 0.979893 0.199525 0.000000 3.447965 0.000000 0.000000 1.000000 0.000000
0.199525 -0.979893 0.000000 1.315482 0.979893 0.199525 0.000000 3.447965 0.000000 0.000000 1.000000 0.000000
0.199525 -0.979893 0.000000 1.315482 0.979893 0.199525 0.000000 3.447965 0.000000 0.000000 1.000000 0.000000
0.199525 -0.979893 0.000000 1.315482 0.979893 0.199525 0.000000 3.447965 0.000000 0.000000 1.000000 0.000000
0.199525 -0.979893 0.000000 1.315482 0.979893 0.199525 0.000000 3.447965 0.000000 0.000000 1.000000 0.000000
0.199525 -0.979893 0.000000 1.315482 0.979893 0.199525 0.000000 3.447965 0.000000 0.000000 1.000000 0.000000
0.199525 -0.979893 0.000000 1.315482 0.979893 0.199525 0.000000 3.447965 0.000000 0.000000 1.000000 0.000000
0.199525 -0.979893 0.000000 1.315482 0.979893 0.199525 0.000000 3.447965 0.000000 0.000000 1.000000 0.000000
0.199525 -0.979893 0.000000 1.315482 0.979893 0.199525 0.000000 3.447965 0.000000 0.000000 1.000000 0.000000
0.199525 -0.979893 0.000000 1.315482 0.979893 0.199525 0.000000 3.447965 0.000000 0.000000 1.000000 0.000000
0.199525 -0.979893 0.000000 1.315482 0.979893 0.199525 0.000000 3.447965 0.000000 0.000000 1.000000 0.000000
0.199525 -0.979893 0.000000 1.315482 0.979893 0.199525 0.000000 3.447965 0.000000 0.000000 1.000000 0.000000
0.199525 -0.979893 0.000000 1.315482 0.979893 0.199525 0.000000 3.447965 0.000000 0.000000 1.000000 0.000000
0.199525 -0.979893 0.000000 1.315482 0.979893 0.199525 0.000000 3.447965 0.000000 0.000000 1.000000 0.000000
0.199525 -0.979893 0.000000 1.315482 0.979893 0.199525 0.000000 3.447965 0.000000 0.000000 1.000000 0.000000
0.199525 -0.979893 0.000000 1.315482 0.979893 0.199525 0.000000 3.447965 0.000000 0.000000 1.000000 0.000000
0.199525 -0.979893 0.000000 1.315482 0.979893 0.199525 0.000000 3.447965 0.000000 0.000000 1.000000 0.000000
0.199525 -0.979893 0.000000 1.315482 0.979893 0.199525 0.000000 3.447965 0.000000 0.000000 1.000000 0.000000
0.199525 -0.979893 0.000000 1.315482 0.979893 0.199525 0.000000 3.447965 0.000000 0.000000 1.000000 0.000000
0.199525 -0.979893 0.000000 1.315482 0.979893 0.199525 0.000000 3.447965 0.000000 0.000000 1.000000 0.000000
0.199525 -0.979893 0.000000 1.315482 0.979893 0.199525 0.000000 3.447965 0.000000 0.000000 1.000000 0.000000
0.199525 -0.979893 0.000000 1.315482 0.979893 0.199525 0.000000 3.447965 0.000000 0.000000 1.000000 0.000000
0.199525 -0.979893 0.000000 1.315482 0.979893 0.199525 0.000000 3.447965 0.000000 0.000000 1.000000 0.000000
0.199525 -0.979893 0.000000 1.315482 0.979893 0.199525 0.000000 3.447965 0.000000 0.000000 1.000000 0.000000
0.199525 -0.979893 0.000000 1.315482 0.979893 0.199525 0.000000 3.447965 0.000000 0.000000 1.000000 0.000000
0.199525 -0.979893 0.000000 1.315482 0.979893 0.199525 0.000000 3.447965 0.000000 0.000000 1.000000 0.000000
0.199525 -0.979893 0.000000 1.315482 0.979893 0.199525 0.000000 3.447965 0.000000 0.000000 1.000000 0.000000
0.199525 -0.979893 0.000000 1.315482 0.979893 0.199525 0.000000 3.447965 0.000000 0.000000 1.000000 0.000000
0.199525 -0.979893 0.000000 1.315482 0.979893 0.199525 0.000000 3.447965 0.000000 0.000000 1.000000 0.000000
0.199525 -0.979893 0.000000 1.315482 0.979893 0.199525 0.000000 3.447965 0.000000 0.000000 1.000000 0.000000
0.199525 -0.979893 0.000000 1.315482 0.979893 0.199525 0.000000 3.447965 0.000000 0.000000 1.000000 0.000000
0.199525 -0.979893 0.000000 1.315482 0.979893 0.199525 0.000000 3.447965 0.000000 0.000000 1.000000 0.000000
0.199525 -0.979893 0.000000 1.315482 0.979893 0.199525 0.000000 3.447965 0.000000 0.000000 1.000000 0.000000
0.199525 -0.979893 0.000000 1.315482 0.979893 0.199525 0.000000 3.447965 0.000000 0.000000 1.000000 0.000000
0.199525 -0.979893 0.000000 1.315482 0.979893 0.199525 0.000000 3.447965 0.000000 0.000000 1.000000 0.000000
0.199525 -0.979893 0.000000 1.315482 0.979893 0.199525 0.000000 3.447965 0.000000 0.000000 1.000000 0.000000
0.199525 -0.979893 0.000000 1.315482 0.979893 0.199525 0.000000 3.447965 0.000000 0.000000 1.000000 0.000000
0.199525 -0.979893 0.000000 1.315482 0.979893 0.199525 0.000000 3.447965 0.000000 0.000000 1.000000 0.000000
0.199525 -0.979893 0.000000 1.315482 0.979893 0.199525 0.000000 3.447965 0.000000 0.000000 1.000000 0.000000
0.199525 -0.979893 0.000000 1.315482 0.979893 0.199525 0.000000 3.447965 0.000000 0.000000 1.000000 0.000000
0.199525 -0.979893 0.000000 1.315482 0.979893 0.199525 0.000000 3.447965 0.000000 0.000000 1.000000 0.000000
0.199525 -0.979893 0.000000 1.315482 0.979893 0.199525 0.000000 3.447965 0.000000 0.000000 1.000000 0.000000
0.199525 -0.979893 0.000000 1.315482 0.979893 0.199525 0.000000 3.447965 0.000000 0.000000 1.000000 0.000000
0.199525 -0.979893 0.000000 1.315482 0.979893 0.199525 0.000000 3.447965 0.000000 0.000000 1.000000 0.000000
0.199525 -0.979893 0.000000 1.315482 0.979893 0.199525 0.000000 3.447965 0.000000 0.000000 1.000000 0.000000
0.199525 -0.979893 0.000000 1.315482 0.979893 0.199525 0.000000 3.447965 0.000000 0.000000 1.000000 0.000000
0.199525 -0.979893 0.000000 1.315482 0.979893 0.199525 0.000000 3.447965 0.000000 0.000000 1.000000 0.000000
0.199525 -0.979893 0.000000 1.315482 0.979893 0.199525 0.000000 3.447965 0.000000 0.000000 1.000000 0.000000
0.199525 -0.979893 0.000000 1.315482 0.979893 0.199525 0.000000 3.447965 0.000000 0.000000 1.000000 0.000000
0.199525 -0.979893 0.000000 1.315482 0.979893 0.199525 0.000000 3.447965 0.000000 0.000000 1.000000 0.000000
0.199525 -0.979893 0.000000 1.315482 0.979893 0.199525 0.000000 3.447965 0.000000 0.000000 1.000000 0.000000
0.199525 -0.979893 0.000000 1.315482 0.979893 0.199525 0.000000 3.447965 0.000000 0.000000 1.000000 0.000000
0.199525 -0.979893 0.000000 1.315482 0.979893 0.199525 0.000000 3.447965 0.000000 0.000000 1.000000 0.000000
0.199525 -0.979893 0.000000 1.315482 0.979893 0.199525 0.000000 3.447965 0.000000 0.000000 1.000000 0.000000
0.199525 -0.979893 0.000000 1.315482 0.979893 0.199525 0.000000 3.447965 0.000000 0.000000 1.000000 0.000000
0.199525 -0.979893 0.000000 1.315482 0.979893 0.199525 0.000000 3.447965 0.000000 0.000000 1.000000 0.000000
0.199525 -0.979893 0.000000 1.315482 0.979893 0.199525 0.000000 3.447965 0.000000 0.000000 1.000000 0.000000
0.199525 -0.979893 0.000000 1.315482 0.979893 0.199525 0.000000 3.447965 0.000000 0.000000 1.000000 0.000000
0.199525 -0.979893 0.000000 1.315482 0.979893 0.199525 0.000000 3.447965 0.000000 0.000000 1.000000 0.000000
0.199525 -0.979893 0.000000 1.315482 0.979893 0.199525 0.000000 3.447965 0.000000 0.000000 1.000000 0.000000
0.199525 -0.979893 0.000000 1.315482 0.979893 0.199525 0.000000 3.447965 0.000000 0.000000 1.000000 0.000000
0.199525 -0.979893 0.000000 1.315482 0.979893 0.199525 0.000000 3.447965 0.000000 0.000000 1.000000 0.000000
0.199525 -0.979893 0.000000 1.315482 0.979893 0.199525 0.000000 3.447965 0.000000 0.000000 1.000000 0.000000
0.199525 -0.979893 0.000000 1.315482 0.979893 0.199525 0.000000 3.447965 0.000000 0.000000 1.000000 0.000000
0.199525 -0.979893 0.000000 1.315482 0.979893 0.199525 0.000000 3.447965 0.000000 0.000000 1.000000 0.000000
0.199525 -0.979893 0.000000 1.315482 0.979893 0.199525 0.000000 3.447965 0.000000 0.000000 1.000000 0.000000
0.199525 -0.979893 0.000000 1.315482 0.979893 0.199525 0.000000 3.447965 0.000000 0.000000 1.000000 0.000000
0.199525 -0.979893 0.000000 1.315482 0.979893 0.199525 0.000000 3.447965 0.000000 0.000000 1.000000 0.000000
0.199525 -0.979893 0.000000 1.315482 0.979893 0.199525 0.000000 3.447965 0.000000 0.000000 1.000000 0.000000
0.199525 -0.979893 0.000000 1.315482 0.979893 0.199525 0.000000 3.447965 0.000000 0.000000 1.000000 0.000000
0.199525 -0.979893 0.000000 1.315482 0.979893 0.199525 0.000000 3.447965 0.000000 0.000000 1.000000 0.000000
0.199525 -0.979893 0.000000 1.315482 0.979893 0.199525 0.000000 3.447965 0.000000 0.000000 1.000000 0.000000
0.199525 -0.979893 0.000000 1.315482 0.979893 0.199525 0.000000 3.447965 0.000000 0.000000 1.000000 0.000000
0.199525 -0.979893 0.000000 1.315482 0.979893 0.199525 0.000000 3.447965 0.000000 0.000000 1.000000 0.000000
0.199525 -0.979893 0.000000 1.315482 0.979893 0.199525 0.000000 3.447965 0.000000 0.000000 1.000000 0.000000
0.199525 -0.979893 0.000000 1.315482 0.979893 0.199525 0.000000 3.447965 0.000000 0.000000 1.000000 0.000000
0.199525 -0.979893 0.000000 1.315482 0.979893 0.199525 0.000000 3.447965 0.000000 0.000000 1.000000 0.000000
0.199525 -0.979893 0.000000 1.315482 0.979893 0.199525 0.000000 3.447965 0.000000 0.000000 1.000000 0.000000
0.199525 -0.979893 0.000000 1.315482 0.979893 0.199525 0.000000 3.447965 0.000000 0.000000 1.000000 0.000000
0.199525 -0.979893 0.000000 1.315482 0.979893 0.199525 0.000000 3.447965 0.000000 0.000000 1.000000 0.000000
0.199525 -0.979893 0.000000 1.315482 0.979893 0.199525 0.000000 3.447965 0.000000 0.000000 1.000000 0.000000
0.199525 -0.979893 0.000000 1.315482 0.979893 0.199525 0.000000 3.447965 0.000000 0.000000 1.000000 0.000000
0.199525 -0.979893 0.000000 1.315482 0.979893 0.199525 0.000000 3.447965 0.000000 0.000000 1.000000 0.000000
0.199525 -0.979893 0.000000 1.315482 0.979893 0.199525 0.000000 3.447965 0.000000 0.000000 1.000000 0.000000
0.199525 -0.979893 0.000000 1.315482 0.979893 0.199525 0.000000 3.447965 0.000000 0.000000 1.000000 0.000000
0.199525 -0.979893 0.000000 1.315482 0.979893 0.199525 0.000000 3.447965 0.000000 0.000000 1.000000 0.000000
0.199525 -0.979893 0.000000 1.315482 0.979893 0.199525 0.000000 3.447965 0.000000 0.000000 1.000000 0.000000
0.199525 -0.979893 0.000000 1.315482 0.979893 0.199525 0.000000 3.447965 0.000000 0.000000 1.000000 0.000000
0.199525 -0.979893 0.000000 1.315482 0.979893 0.199525 0.000000 3.447965 0.000000 0.000000 1.000000 0.000000
0.199525 -0.979893 0.000000 1.315482 0.979893 0.199525 0.000000 3.447965 0.000000 0.000000 1.000000 0.000000
0.199525 -0.979893 0.000000 1.315482 0.979893 0.199525 0.000000 3.447965 0.000000 0.000000 1.000000 0.000000
0.199525 -0.979893 0.000000 1.315482 0.979893 0.199525 0.000000 3.447965 0.000000 0.000000 1.000000 0.000000
0.199525 -0.979893 0.000000 1.315482 0.979893 0.199525 0.000000 3.447965 0.000000 0.000000 1.000000 0.000000
0.199525 -0.979893 0.000000 1.315482 0.979893 0.199525 0.000000 3.447965 0.000000 0.000000 1.000000 0.000000
0.199525 -0.979893 0.000000 1.315482 0.979893 0.199525 0.000000 3.447965 0.000000 0.000000 1.000000 0.000000
0.199525 -0.979893 0.000000 1.315482 0.979893 0.199525 0.000000 3.447965 0.000000 0.000000 1.000000 0.000000
0.199525 -0.979893 0.000000 1.315482 0.979893 0.199525 0.000000 3.447965 0.000000 0.000000 1.000000 0.000000
0.199525 -0.979893 0.000000 1.315482 0.979893 0.199525 0.000000 3.447965 0.000000 0.000000 1.000000 0.000000
0.199525 -0.979893 0.000000 1.315482 0.979893 0.199525 0.000000 3.447965 0.000000 0.000000 1.000000 0.000000
0.199525 -0.979893 0.000000 1.315482 0.979893 0.199525 0.000000 3.447965 0.000000 0.000000 1.000000 0.000000
0.199525 -0.979893 0.000000 1.315482 0.979893 0.199525 0.000000 3.447965 0.000000 0.000000 1.000000 0.000000
0.199525 -0.979893 0.000000 1.315482 0.979893 0.199525 0.000000 3.447965 0.000000 0.000000 1.000000 0.000000
0.199525 -0.979893 0.000000 1.315482 0.979893 0.199525 0.000000 3.447965 0.000000 0.000000 1.000000 0.000000
0.199525 -0.979893 0.000000 1.315482 0.979893 0.199525 0.000000 3.447965 0.000000 0.000000 1.000000 0.000000
0.199525 -0.979893 0.000000 1.315482 0.979893 0.199525 0.000000 3.447965 0.000000 0.000000 1.000000 0.000000
0.199525 -0.979893 0.000000 1.315482 0.979893 0.199525 0.000000 3.447965 0.000000 0.000000 1.000000 0.000000
0.199525 -0.979893 0.000000 1.315482 0.979893 0.199525 0.000000 3.447965 0.000000 0.000000 1.000000 0.000000
0.199525 -0.979893 0.000000 1.315482 0.979893 0.199525 0.000000 3.447965 0.000000 0.000000 1.000000 0.000000
0.199525 -0.979893 0.000000 1.315482 0.979893 0.199525 0.000000 3.447965 0.000000 0.000000 1.000000 0.000000
0.199525 -0.979893 0.000000 1.315482 0.979893 0.199525 0.000000 3.447965 0.000000 0.000000 1.000000 0.000000
0.199525 -0.979893 0.000000 1.315482 0.979893 0.199525 0.000000 3.447965 0.000000 0.000000 1.000000 0.000000
0.199525 -0.979893 0.000000 1.315482 0.979893 0.199525 0.000000 3.447965 0.000000 0.000000 1.000000 0.000000
0.199525 -0.979893 0.000000 1.315482 0.979893 0.199525 0.000000 3.447965 0.000000 0.000000 1.000000 0.000000
0.199525 -0.979893 0.000000 1.315482 0.979893 0.199525 0.000000 3.447965 0.000000 0.000000 1.000000 0.000000
0.199525 -0.979893 0.000000 1.315482 0.979893 0.199525 0.000000 3.447965 0.000000 0.000000 1.000000 0.000000
0.199525 -0.979893 0.000000 1.315482 0.979893 0.199525 0.000000 3.447965 0.000000 0.000000 1.000000 0.000000
0.199525 -0.979893 0.000000 1.315482 0.979893 0.199525 0.000000 3.447965 0.000000 0.000000 1.000000 0.000000
0.199525 -0.979893 0.000000 1.315482 0.979893 0.199525 0.000000 3.447965 0.000000 0.000000 1.000000 0.000000
0.199525 -0.979893 0.000000 1.315482 0.979893 0.199525 0.000000 3.447965 0.000000 0.000000 1.000000 0.000000
0.199525 -0.979893 0.000000 1.315482 0.979893 0.199525 0.000000 3.447965 0.000000 0.000000 1.000000 0.000000
0.199525 -0.979893 0.000000 1.315482 0.979893 0.199525 0.000000 3.447965 0.000000 0.000000 1.000000 0.000000
0.199525 -0.979893 0.000000 1.315482 0.979893 0.199525 0.000000 3.447965 0.000000 0.000000 1.000000 0.000000
0.199525 -0.979893 0.000000 1.315482 0.979893 0.199525 0.000000 3.447965 0.000000 0.000000 1.000000 0.000000
0.199525 -0.979893 0.000000 1.315482 0.979893 0.199525 0.000000 3.447965 0.000000 0.000000 1.000000 0.000000
0.199525 -0.979893 0.000000 1.315482 0.979893 0.199525 0.000000 3.447965 0.000000 0.000000 1.000000 0.000000
0.199525 -0.979893 0.000000 1.315482 0.979893 0.199525 0.000000 3.447965 0.000000 0.000000 1.000000 0.000000
0.199525 -0.979893 0.000000 1.315482 0.979893 0.199525 0.000000 3.447965 0.000000 0.000000 1.000000 0.000000
0.199525 -0.979893 0.000000 1.315482 0.979893 0.199525 0.000000 3.447965 0.000000 0.000000 1.000000 0.000000
0.199525 -0.979893 0.000000 1.315482 0.979893 0.199525 0.000000 3.447965 0.000000 0.000000 1.000000 0.000000
0.199525 -0.979893 0.000000 1.315482 0.979893 0.199525 0.000000 3.447965 0.000000 0.000000 1.000000 0.000000
0.199525 -0.979893 0.000000 1.315482 0.979893 0.199525 0.000000 3.447965 0.000000 0.000000 1.000000 0.000000
0.199525 -0.979893 0.000000 1.315482 0.979893 0.199525 0.000000 3.447965 0.000000 0.000000 1.000000 0.000000
0.199525 -0.979893 0.000000 1.315482 0.979893 0.199525 0.000000 3.447965 0.000000 0.000000 1.000000 0.000000
0.199525 -0.979893 0.000000 1.315482 0.979893 0.199525 0.000000 3.447965 0.000000 0.000000 1.000000 0.000000
0.199525 -0.979893 0.000000 1.315482 0.979893 0.199525 0.000000 3.447965 0.000000 0.000000 1.000000 0.000000
0.199525 -0.979893 0.000000 1.315482 0.979893 0.199525 0.000000 3.447965 0.000000 0.000000 1.000000 0.000000
0.199525 -0.979893 0.000000 1.315482 0.979893 0.199525 0.000000 3.447965 0.000000 0.000000 1.000000 0.000000
0.199525 -0.979893 0.000000 1.315482 0.979893 0.199525 0.000000 3.447965 0.000000 0.000000 1.000000 0.000000
0.199525 -0.979893 0.000000 1.315482 0.979893 0.199525 0.000000 3.447965 0.000000 0.000000 1.000000 0.000000
0.199525 -0.979893 0.000000 1.315482 0.979893 0.199525 0.000000 3.447965 0.000000 0.000000 1.000000 0.000000
0.199525 -0.979893 0.000000 1.315482 0.979893 0.199525 0.000000 3.447965 0.000000 0.000000 1.000000 0.000000
0.199525 -0.979893 0.000000 1.315482 0.979893 0.199525 0.000000 3.447965 0.000000 0.000000 1.000000 0.000000
0.199525 -0.979893 0.000000 1.315482 0.979893 0.199525 0.000000 3.447965 0.000000 0.000000 1.000000 0.000000
0.199525 -0.979893 0.000000 1.315482 0.979893 0.199525 0.000000 3.447965 0.000000 0.000000 1.000000 0.000000
0.199525 -0.979893 0.000000 1.315482 0.979893 0.199525 0.000000 3.447965 0.000000 0.000000 1.000000 0.000000
0.199525 -0.979893 0.000000 1.315482 0.979893 0.199525 0.000000 3.447965 0.000000 0.000000 1.000000 0.000000
0.199525 -0.979893 0.000000 1.315482 0.979893 0.199525 0.000000 3.447965 0.000000 0.000000 1.000000 0.000000
0.199525 -0.979893 0.000000 1.315482 0.979893 0.199525 0.000000 3.447965 0.000000 0.000000 1.000000 0.000000
0.199525 -0.979893 0.000000 1.315482 0.979893 0.199525 0.000000 3.447965 0.000000 0.000000 1.000000 0.000000
0.199525 -0.979893 0.000000 1.315482 0.979893 0.199525 0.000000 3.447965 0.000000 0.000000 1.000000 0.000000
0.199525 -0.979893 0.000000 1.315482 0.979893 0.199525 0.000000 3.447965 0.000000 0.000000 1.000000 0.000000
0.199525 -0.979893 0.000000 1.315482 0.979893 0.199525 0.000000 3.447965 0.000000 0.000000 1.000000 0.000000
0.199525 -0.979893 0.000000 1.315482 0.979893 0.199525 0.000000 3.447965 0.000000 0.000000 1.000000 0.000000
0.199525 -0.979893 0.000000 1.315482 0.979893 0.199525 0.000000 3.447965 0.000000 0.000000 1.000000 0.000000
0.199525 -0.979893 0.000000 1.315482 0.979893 0.199525 0.000000 3.447965 0.000000 0.000000 1.000000 0.000000
0.199525 -0.979893 0.000000 1.315482 0.979893 0.199525 0.000000 3.447965 0.000000 0.000000 1.000000 0.000000
0.199525 -0.979893 0.000000 1.315482 0.979893 0.199525 0.000000 3.447965 0.000000 0.000000 1.000000 0.000000
0.199525 -0.979893 0.000000 1.315482 0.979893 0.199525 0.000000 3.447965 0.000000 0.000000 1.000000 0.000000
0.199525 -0.979893 0.000000 1.315482 0.979893 0.199525 0.000000 3.447965 0.000000 0.000000 1.000000 0.000000
0.199525 -0.979893 0.000000 1.315482 0.979893 0.199525 0.000000 3.447965 0.000000 0.000000 1.000000 0.000000
0.199525 -0.979893 0.000000 1.315482 0.979893 0.199525 0.000000 3.447965 0.000000 0.000000 1.000000 0.000000
0.199525 -0.979893 0.000000 1.315482 0.979893 0.199525 0.000000 3.447965 0.000000 0.000000 1.000000 0.000000
0.199525 -0.979893 0.000000 1.315482 0.979893 0.199525 0.000000 3.447965 0.000000 0.000000 1.000000 0.000000
0.199525 -0.979893 0.000000 1.315482 0.979893 0.199525 0.000000 3.447965 0.000000 0.000000 1.000000 0.000000
0.199525 -0.979893 0.000000 1.315482 0.979893 0.199525 0.000000 3.447965 0.000000 0.000000 1.000000 0.000000
0.199525 -0.979893 0.000000 1.315482 0.979893 0.199525 0.000000 3.447965 0.000000 0.000000 1.000000 0.000000
0.199525 -0.979893 0.000000 1.315482 0.979893 0.199525 0.000000 3.447965 0.000000 0.000000 1.000000 0.000000
0.199525 -0.979893 0.000000 1.315482 0.979893 0.199525 0.000000 3.447965 0.000000 0.000000 1.000000 0.000000
0.199525 -0.979893 0.000000 1.315482 0.979893 0.199525 0.000000 3.447965 0.000000 0.000000 1.000000 0.000000
0.199525 -0.979893 0.000000 1.315482 0.979893 0.199525 0.000000 3.447965 0.000000 0.000000 1.000000 0.000000
0.199525 -0.979893 0.000000 1.315482 0.979893 0.199525 0.000000 3.447965 0.000000 0.000000 1.000000 0.000000
0.199525 -0.979893 0.000000 1.315482 0.979893 0.199525 0.000000 3.447965 0.000000 0.000000 1.000000 0.000000
0.199525 -0.979893 0.000000 1.315482 0.979893 0.199525 0.000000 3.447965 0.000000 0.000000 1.000000 0.000000
0.199525 -0.979893 0.000000 1.315482 0.979893 0.199525 0.000000 3.447965 0.000000 0.000000 1.000000 0.000000
0.199525 -0.979893 0.000000 1.315482 0.979893 0.199525 0.000000 3.447965 0.000000 0.000000 1.000000 0.000000
0.199525 -0.979893 0.000000 1.315482 0.979893 0.199525 0.000000 3.447965 0.000000 0.000000 1.000000 0.000000
0.199525 -0.979893 0.000000 1.315482 0.979893 0.199525 0.000000 3.447965 0.000000 0.000000 1.000000 0.000000
0.199525 -0.979893 0.000000 1.315482 0.979893 0.199525 0.000000 3.447965 0.000000 0.000000 1.000000 0.000000
0.199525 -0.979893 0.000000 1.315482 0.979893 0.199525 0.000000 3.447965 0.000000 0.000000 1.000000 0.000000
0.199525 -0.979893 0.000000 1.315482 0.979893 0.199525 0.000000 3.447965 0.000000 0.000000 1.000000 0.000000
0.199525 -0.979893 0.000000 1.315482 0.979893 0.199525 0.000000 3.447965 0.000000 0.000000 1.000000 0.000000
0.199525 -0.979893 0.000000 1.315482 0.979893 0.199525 0.000000 3.447965 0.000000 0.000000 1.000000 0.000000
0.199525 -0.979893 0.000000 1.315482 0.979893 0.199525 0.000000 3.447965 0.000000 0.000000 1.000000 0.000000
0.199525 -0.979893 0.000000 1.315482 0.979893 0.199525 0.000000 3.447965 0.000000 0.000000 1.000000 0.000000
0.199525 -0.979893 0.000000 1.315482 0.979893 0.199525 0.000000 3.447965 0.000000 0.000000 1.000000 0.000000
0.199525 -0.979893 0.000000 1.315482 0.979893 0.199525 0.000000 3.447965 0.000000 0.000000 1.000000 0.000000
0.199525 -0.979893 0.000000 1.315482 0.979893 0.199525 0.000000 3.447965 0.000000 0.000000 1.000000 0.000000
0.199525 -0.979893 0.000000 1.315482 0.979893 0.199525 0.000000 3.447965 0.000000 0.000000 1.000000 0.000000
0.199525 -0.979893 0.000000 1.315482 0.979893 0.199525 0.000000 3.447965 0.000000 0.000000 1.000000 0.000000
0.199525 -0.979893 0.000000 1.315482 0.979893 0.199525 0.000000 3.447965 0.000000 0.000000 1.000000 0.000000
0.199525 -0.979893 0.000000 1.315482 0.979893 0.199525 0.000000 3.447965 0.000000 0.000000 1.000000 0.000000
0.199525 -0.979893 0.000000 1.315482 0.979893 0.199525 0.000000 3.447965 0.000000 0.000000 1.000000 0.000000
0.199525 -0.979893 0.000000 1.315482 0.979893 0.199525 0.000000 3.447965 0.000000 0.000000 1.000000 0.000000
0.199525 -0.979893 0.000000 1.315482 0.979893 0.199525 0.000000 3.447965 0.000000 0.000000 1.000000 0.000000
0.199525 -0.979893 0.000000 1.315482 0.979893 0.199525 0.000000 3.447965 0.000000 0.000000 1.000000 0.000000
0.199525 -0.979893 0.000000 1.315482 0.979893 0.199525 0.000000 3.447965 0.000000 0.000000 1.000000 0.000000
0.199525 -0.979893 0.000000 1.315482 0.979893 0.199525 0.000000 3.447965 0.000000 0.000000 1.000000 0.000000
0.199525 -0.979893 0.000000 1.315482 0.979893 0.199525 0.000000 3.447965 0.000000 0.000000 1.000000 0.000000
0.199525 -0.979893 0.000000 1.315482 0.979893 0.199525 0.000000 3.447965 0.000000 0.000000 1.000000 0.000000
0.199525 -0.979893 0.000000 1.315482 0.979893 0.199525 0.000000 3.447965 0.000000 0.000000 1.000000 0.000000
0.199525 -0.979893 0.000000 1.315482 0.979893 0.199525 0.000000 3.447965 0.000000 0.000000 1.000000 0.000000
0.199525 -0.979893 0.000000 1.315482 0.979893 0.199525 0.000000 3.447965 0.000000 0.000000 1.000000 0.000000
0.199525 -0.979893 0.000000 1.315482 0.979893 0.199525 0.000000 3.447965 0.000000 0.000000 1.000000 0.000000
0.199525 -0.979893 0.000000 1.315482 0.979893 0.199525 0.000000 3.447965 0.000000 0.000000 1.000000 0.000000
0.199525 -0.979893 0.000000 1.315482 0.979893 0.199525 0.000000 3.447965 0.000000 0.000000 1.000000 0.000000
0.199525 -0.979893 0.000000 1.315482 0.979893 0.199525 0.000000 3.447965 0.000000 0.000000 1.000000 0.000000
0.199525 -0.979893 0.000000 1.315482 0.979893 0.199525 0.000000 3.447965 0.000000 0.000000 1.000000 0.000000
0.199525 -0.979893 0.000000 1.315482 0.979893 0.199525 0.000000 3.447965 0.000000 0.000000 1.000000 0.000000
0.199525 -0.979893 0.000000 1.315482 0.979893 0.199525 0.000000 3.447965 0.000000 0.000000 1.000000 0.000000
0.199525 -0.979893 0.000000 1.315482 0.979893 0.199525 0.000000 3.447965 0.000000 0.000000 1.000000 0.000000
0.199525 -0.979893 0.000000 1.315482 0.979893 0.199525 0.000000 3.447965 0.000000 0.000000 1.000000 0.000000
0.199525 -0.979893 0.000000 1.315482 0.979893 0.199525 0.000000 3.447965 0.000000 0.000000 1.000000 0.000000
0.199525 -0.979893 0.000000 1.315482 0.979893 0.199525 0.000000 3.447965 0.000000 0.000000 1.000000 0.000000
0.199525 -0.979893 0.000000 1.315482 0.979893 0.199525 0.000000 3.447965 0.000000 0.000000 1.000000 0.000000
0.199525 -0.979893 0.000000 1.315482 0.979893 0.199525 0.000000 3.447965 0.000000 0.000000 1.000000 0.000000
0.199525 -0.979893 0.000000 1.315482 0.979893 0.199525 0.000000 3.447965 0.000000 0.000000 1.000000 0.000000
0.199525 -0.979893 0.000000 1.315482 0.979893 0.199525 0.000000 3.447965 0.000000 0.000000 1.000000 0.000000
0.199525 -0.979893 0.000000 1.315482 0.979893 0.199525 0.000000 3.447965 0.000000 0.000000 1.000000 0.000000
0.199525 -0.979893 0.000000 1.315482 0.979893 0.199525 0.000000 3.447965 0.000000 0.000000 1.000000 0.000000
0.199525 -0.979893 0.000000 1.315482 0.979893 0.199525 0.000000 3.447965 0.000000 0.000000 1.000000 0.000000
0.199525 -0.979893 0.000000 1.315482 0.979893 0.199525 0.000000 3.447965 0.000000 0.000000 1.000000 0.000000
0.199525 -0.979893 0.000000 1.315482 0.979893 0.199525 0.000000 3.447965 0.000000 0.000000 1.000000 0.000000
0.199525 -0.979893 0.000000 1.315482 0.979893 0.199525 0.000000 3.447965 0.000000 0.000000 1.000000 0.000000
0.199525 -0.979893 0.000000 1.315482 0.979893 0.199525 0.000000 3.447965 0.000000 0.000000 1.000000 0.000000
0.199525 -0.979893 0.000000 1.315482 0.979893 0.199525 0.000000 3.447965 0.000000 0.000000 1.000000 0.000000
0.199525 -0.979893 0.000000 1.315482 0.979893 0.199525 0.000000 3.447965 0.000000 0.000000 1.000000 0.000000
0.199525 -0.979893 0.000000 1.315482 0.979893 0.199525 0.000000 3.447965 0.000000 0.000000 1.000000 0.000000
0.199525 -0.979893 0.000000 1.315482 0.979893 0.199525 0.000000 3.447965 0.000000 0.000000 1.000000 0.000000
0.199525 -0.979893 0.000000 1.315482 0.979893 0.199525 0.000000 3.447965 0.000000 0.000000 1.000000 0.000000
0.199525 -0.979893 0.000000 1.315482 0.979893 0.199525 0.000000 3.447965 0.000000 0.000000 1.000000 0.000000
0.199525 -0.979893 0.000000 1.315482 0.979893 0.199525 0.000000 3.447965 0.000000 0.000000 1.000000 0.000000
0.199525 -0.979893 0.000000 1.315482 0.979893 0.199525 0.000000 3.447965 0.000000 0.000000 1.000000 0.000000
0.199525 -0.979893 0.000000 1.315482 0.979893 0.199525 0.000000 3.447965 0.000000 0.000000 1.000000 0.000000
0.199525 -0.979893 0.000000 1.315482 0.979893 0.199525 0.000000 3.447965 0.000000 0.000000 1.000000 0.000000
0.199525 -0.979893 0.000000 1.315482 0.979893 0.199525 0.000000 3.447965 0.000000 0.000000 1.000000 0.000000
0.199525 -0.979893 0.000000 1.315482 0.979893 0.199525 0.000000 3.447965 0.000000 0.000000 1.000000 0.000000
0.199525 -0.979893 0.000000 1.315482 0.979893 0.199525 0.000000 3.447965 0.000000 0.000000 1.000000 0.000000
0.199525 -0.979893 0.000000 1.315482 0.979893 0.199525 0.000000 3.447965 0.000000 0.000000 1.000000 0.000000
0.199525 -0.979893 0.000000 1.315482 0.979893 0.199525 0.000000 3.447965 0.000000 0.000000 1.000000 0.000000
0.199525 -0.979893 0.000000 1.315482 0.979893 0.199525 0.000000 3.447965 0.000000 0.000000 1.000000 0.000000
0.199525 -0.979893 0.000000 1.315482 0.979893 0.199525 0.000000 3.447965 0.000000 0.000000 1.000000 0.000000
0.199525 -0.979893 0.000000 1.315482 0.979893 0.199525 0.000000 3.447965 0.000000 0.000000 1.000000 0.000000
0.199525 -0.979893 0.000000 1.315482 0.979893 0.199525 0.000000 3.447965 0.000000 0.000000 1.000000 0.000000
0.199525 -0.979893 0.000000 1.315482 0.979893 0.199525 0.000000 3.447965 0.000000 0.000000 1.000000 0.000000
0.199525 -0.979893 0.000000 1.315482 0.979893 0.199525 0.000000 3.447965 0.000000 0.000000 1.000000 0.000000
0.199525 -0.979893 0.000000 1.315482 0.979893 0.199525 0.000000 3.447965 0.000000 0.000000 1.000000 0.000000
0.199525 -0.979893 0.000000 1.315482 0.979893 0.199525 0.000000 3.447965 0.000000 0.000000 1.000000 0.000000
0.199525 -0.979893 0.000000 1.315482 0.979893 0.199525 0.000000 3.447965 0.000000 0.000000 1.000000 0.000000
0.199525 -0.979893 0.000000 1.315482 0.979893 0.199525 0.000000 3.447965 0.000000 0.000000 1.000000 0.000000
0.199525 -0.979893 0.000000 1.315482 0.979893 0.199525 0.000000 3.447965 0.000000 0.000000 1.000000 0.000000
0.199525 -0.979893 0.000000 1.315482 0.979893 0.199525 0.000000 3.447965 0.000000 0.000000 1.000000 0.000000
0.199525 -0.979893 0.000000 1.315482 0.979893 0.199525 0.000000 3.447965 0.000000 0.000000 1.000000 0.000000
0.199525 -0.979893 0.000000 1.315482 0.979893 0.199525 0.000000 3.447965 0.000000 0.000000 1.000000 0.000000
0.199525 -0.979893 0.000000 1.315482 0.979893 0.199525 0.000000 3.447965 0.000000 0.000000 1.000000 0.000000
0.199525 -0.979893 0.000000 1.315482 0.979893 0.199525 0.000000 3.447965 0.000000 0.000000 1.000000 0.000000
0.199525 -0.979893 0.000000 1.315482 0.979893 0.199525 0.000000 3.447965 0.000000 0.000000 1.000000 0.000000
0.199525 -0.979893 0.000000 1.315482 0.979893 0.199525 0.000000 3.447965 0.000000 0.000000 1.000000 0.000000
0.199525 -0.979893 0.000000 1.315482 0.979893 0.199525 0.000000 3.447965 0.000000 0.000000 1.000000 0.000000
0.199525 -0.979893 0.000000 1.315482 0.979893 0.199525 0.000000 3.447965 0.000000 0.000000 1.000000 0.000000
0.199525 -0.979893 0.000000 1.315482 0.979893 0.199525 0.000000 3.447965 0.000000 0.000000 1.000000 0.000000
0.199525 -0.979893 0.000000 1.315482 0.979893 0.199525 0.000000 3.447965 0.000000 0.000000 1.000000 0.000000
0.199525 -0.979893 0.000000 1.315482 0.979893 0.199525 0.000000 3.447965 0.000000 0.000000 1.000000 0.000000
0.199525 -0.979893 0.000000 1.315482 0.979893 0.199525 0.000000 3.447965 0.000000 0.000000 1.000000 0.000000
0.199525 -0.979893 0.000000 1.315482 0.979893 0.199525 0.000000 3.447965 0.000000 0.000000 1.000000 0.000000
0.199525 -0.979893 0.000000 1.315482 0.979893 0.199525 0.000000 3.447965 0.000000 0.000000 1.000000 0.000000
0.199525 -0.979893 0.000000 1.315482 0.979893 0.199525 0.000000 3.447965 0.000000 0.000000 1.000000 0.000000
0.199525 -0.979893 0.000000 1.315482 0.979893 0.199525 0.000000 3.447965 0.000000 0.000000 1.000000 0.000000
0.199525 -0.979893 0.000000 1.315482 0.979893 0.199525 0.000000 3.447965 0.000000 0.000000 1.000000 0.000000
0.199525 -0.979893 0.000000 1.315482 0.979893 0.199525 0.000000 3.447965 0.000000 0.000000 1.000000 0.000000
0.199525 -0.979893 0.000000 1.315482 0.979893 0.199525 0.000000 3.447965 0.000000 0.000000 1.000000 0.000000
0.199525 -0.979893 0.000000 1.315482 0.979893 0.199525 0.000000 3.447965 0.000000 0.000000 1.000000 0.000000
0.199525 -0.979893 0.000000 1.315482 0.979893 0.199525 0.000000 3.447965 0.000000 0.000000 1.000000 0.000000
0.199525 -0.979893 0.000000 1.315482 0.979893 0.199525 0.000000 3.447965 0.000000 0.000000 1.000000 0.000000
0.199525 -0.979893 0.000000 1.315482 0.979893 0.199525 0.000000 3.447965 0.000000 0.000000 1.000000 0.000000
0.199525 -0.979893 0.000000 1.315482 0.979893 0.199525 0.000000 3.447965 0.000000 0.000000 1.000000 0.000000
0.199525 -0.979893 0.000000 1.315482 0.979893 0.199525 0.000000 3.447965 0.000000 0.000000 1.000000 0.000000
0.199525 -0.979893 0.000000 1.315482 0.979893 0.199525 0.000000 3.447965 0.000000 0.000000 1.000000 0.000000
0.199525 -0.979893 0.000000 1.315482 0.979893 0.199525 0.000000 3.447965 0.000000 0.000000 1.000000 0.000000
0.199525 -0.979893 0.000000 1.315482 0.979893 0.199525 0.000000 3.447965 0.000000 0.000000 1.000000 0.000000
0.199525 -0.979893 0.000000 1.315482 0.979893 0.199525 0.000000 3.447965 0.000000 0.000000 1.000000 0.000000
0.199525 -0.979893 0.000000 1.315482 0.979893 0.199525 0.000000 3.447965 0.000000 0.000000 1.000000 0.000000
0.199525 -0.979893 0.000000 1.315482 0.979893 0.199525 0.000000 3.447965 0.000000 0.000000 1.000000 0.000000
0.199525 -0.979893 0.000000 1.315482 0.979893 0.199525 0.000000 3.447965 0.000000 0.000000 1.000000 0.000000
0.199525 -0.979893 0.000000 1.315482 0.979893 0.199525 0.000000 3.447965 0.000000 0.000000 1.000000 0.000000
0.199525 -0.979893 0.000000 1.315482 0.979893 0.199525 0.000000 3.447965 0.000000 0.000000 1.000000 0.000000
0.199525 -0.979893 0.000000 1.315482 0.979893 0.199525 0.000000 3.447965 0.000000 0.000000 1.000000 0.000000
0.199525 -0.979893 0.000000 1.315482 0.979893 0.199525 0.000000 3.447965 0.000000 0.000000 1.000000 0.000000
0.199525 -0.979893 0.000000 1.315482 0.979893 0.199525 0.000000 3.447965 0.000000 0.000000 1.000000 0.000000
0.199525 -0.979893 0.000000 1.315482 0.979893 0.199525 0.000000 3.447965 0.000000 0.000000 1.000000 0.000000
0.199525 -0.979893 0.000000 1.315482 0.979893 0.199525 0.000000 3.447965 0.000000 0.000000 1.000000 0.000000
0.199525 -0.979893 0.000000 1.315482 0.979893 0.199525 0.000000 3.447965 0.000000 0.000000 1.000000 0.000000
0.199525 -0.979893 0.000000 1.315482 0.979893 0.199525 0.000000 3.447965 0.000000 0.000000 1.000000 0.000000
0.199525 -0.979893 0.000000 1.315482 0.979893 0.199525 0.000000 3.447965 0.000000 0.000000 1.000000 0.000000
0.199525 -0.979893 0.000000 1.315482 0.979893 0.199525 0.000000 3.447965 0.000000 0.000000 1.000000 0.000000
0.199525 -0.979893 0.000000 1.315482 0.979893 0.199525 0.000000 3.447965 0.000000 0.000000 1.000000 0.000000
