-0.438595 0.898652 0.007672 8.703274 -0.898675 -0.438614 0.000904 -5.031472 0.004177 -0.006498 0.999970 -0.036175
-0.501018 0.865429 0.003773 8.643671 -0.865418 -0.501031 0.004342 -5.140573 0.005648 -0.001090 0.999983 -0.035886
-0.549448 0.835525 0.002309 8.578000 -0.835500 -0.549450 0.006682 -5.243983 0.006852 0.001742 0.999975 -0.035279
-0.562271 0.826946 0.003355 8.500062 -0.826906 -0.562278 0.008381 -5.355052 0.008817 0.001938 0.999959 -0.033993
-0.540495 0.841345 0.001648 8.434673 -0.841330 -0.540496 0.005381 -5.452482 0.005418 0.001522 0.999984 -0.033073
-0.511290 0.859406 -0.001876 8.375703 -0.859408 -0.511288 0.001433 -5.546200 0.000272 0.002345 0.999997 -0.033041
-0.504694 0.863294 0.002713 8.301564 -0.863288 -0.504701 0.003400 -5.668610 0.004305 -0.000627 0.999991 -0.032640
-0.484803 0.874623 0.000541 8.237295 -0.874623 -0.484803 -0.000133 -5.779805 0.000146 -0.000538 1.000000 -0.032364
-0.503773 0.863829 0.003557 8.173201 -0.863808 -0.503786 0.006016 -5.890249 0.006989 -0.000041 0.999976 -0.032021
-0.501075 0.865319 0.012092 8.103826 -0.865318 -0.501173 0.007104 -6.005081 0.012208 -0.006904 0.999902 -0.030804
-0.466732 0.884387 0.004540 8.049601 -0.884368 -0.466753 0.005925 -6.101541 0.007360 -0.001250 0.999972 -0.029779
-0.479920 0.877312 0.000015 7.985482 -0.877294 -0.479910 0.006508 -6.220387 0.005717 0.003110 0.999979 -0.028804
-0.486017 0.873949 0.000459 7.933635 -0.873919 -0.486004 0.008168 -6.312804 0.007362 0.003569 0.999967 -0.028190
-0.484717 0.874671 0.000064 7.874704 -0.874665 -0.484714 0.003758 -6.415445 0.003318 0.001766 0.999993 -0.027490
-0.459708 0.888069 -0.001287 7.810846 -0.888066 -0.459701 0.003830 -6.531174 0.002809 0.002904 0.999992 -0.027076
-0.363294 0.931671 -0.002737 7.751091 -0.931674 -0.363291 0.001648 -6.660802 0.000541 0.003148 0.999995 -0.026816
-0.189329 0.981910 -0.002595 7.718719 -0.981904 -0.189338 -0.003988 -6.771323 -0.004408 0.001793 0.999989 -0.026955
0.067577 0.997714 0.000210 7.711613 -0.997713 0.067577 -0.001720 -6.891122 -0.001730 -0.000093 0.999998 -0.027614
0.347293 0.937727 -0.007447 7.735983 -0.937449 0.347372 0.022842 -7.009263 0.024006 -0.000952 0.999711 -0.027731
0.609492 0.792484 -0.022116 7.790440 -0.791934 0.609893 0.029522 -7.109620 0.036884 -0.000479 0.999319 -0.023688
0.815418 0.578872 0.000806 7.879175 -0.578453 0.814774 0.039191 -7.196353 0.022030 -0.032424 0.999231 -0.019718
0.911145 0.412068 0.003783 7.982775 -0.411873 0.910342 0.040468 -7.252375 0.013232 -0.038430 0.999174 -0.018040
0.967357 0.250947 0.035297 8.106511 -0.251810 0.967514 0.022529 -7.293129 -0.028497 -0.030682 0.999123 -0.019522
0.990065 0.140548 0.004163 8.233515 -0.140566 0.990062 0.004215 -7.315699 -0.003530 -0.004758 0.999982 -0.022297
0.994898 0.100625 0.007234 8.355682 -0.100630 0.994924 0.000367 -7.331222 -0.007160 -0.001093 0.999974 -0.022617
0.989704 0.142725 0.010733 8.478030 -0.142765 0.989752 0.003059 -7.346729 -0.010187 -0.004560 0.999938 -0.023844
0.975935 0.217809 0.010516 8.602488 -0.217890 0.975947 0.007194 -7.372572 -0.008696 -0.009312 0.999919 -0.025415
0.957859 0.287224 0.002825 8.739148 -0.287238 0.957802 0.010488 -7.411350 0.000307 -0.010858 0.999941 -0.025926
0.960300 0.278894 0.006523 8.848236 -0.278948 0.960256 0.009823 -7.445163 -0.003524 -0.011253 0.999930 -0.026164
0.975591 0.219317 0.011072 8.971287 -0.219377 0.975629 0.004567 -7.476260 -0.009801 -0.006885 0.999928 -0.026732
0.995530 0.094181 0.007085 9.101052 -0.094204 0.995549 0.002885 -7.494675 -0.006781 -0.003540 0.999971 -0.027780
0.996242 -0.086594 0.002037 9.245996 0.086578 0.996219 0.007214 -7.495596 -0.002654 -0.007011 0.999972 -0.028674
0.974148 -0.225904 -0.001866 9.357920 0.225911 0.974127 0.006361 -7.475932 0.000381 -0.006618 0.999978 -0.028748
0.919793 -0.392374 0.004866 9.477387 0.392340 0.919796 0.006699 -7.434849 -0.007104 -0.004252 0.999966 -0.029068
0.830451 -0.557086 0.002346 9.590903 0.557088 0.830453 -0.000422 -7.371969 -0.001713 0.001657 0.999997 -0.029873
0.727241 -0.686371 -0.003755 9.690286 0.686382 0.727231 0.003945 -7.290321 0.000023 -0.005446 0.999985 -0.030122
0.617011 -0.786953 -0.001697 9.774918 0.786948 0.616995 0.005479 -7.196146 -0.003264 -0.004716 0.999984 -0.030377
0.510147 -0.860087 0.000773 9.846502 0.860087 0.510147 0.000638 -7.088443 -0.000943 0.000339 0.999999 -0.030952
0.424947 -0.905216 -0.002181 9.904359 0.905218 0.424945 0.001256 -6.976232 -0.000210 -0.002508 0.999997 -0.030954
0.433176 -0.901305 -0.002854 9.961035 0.901300 0.433156 0.005808 -6.858023 -0.003998 -0.005088 0.999979 -0.031392
0.492032 -0.870575 0.002154 10.020124 0.870575 0.492035 0.000954 -6.744849 -0.001890 0.001406 0.999997 -0.031675
0.600117 -0.799907 -0.002965 10.089699 0.799862 0.600116 -0.009016 -6.643818 0.008991 0.003040 0.999955 -0.030920
0.697749 -0.716324 0.005254 10.174024 0.716342 0.697739 -0.003739 -6.549057 -0.000988 0.006372 0.999979 -0.030400
0.801446 -0.597966 0.010954 10.284457 0.598026 0.801471 -0.003063 -6.456178 -0.006947 0.009006 0.999935 -0.030993
0.866984 -0.498320 0.003973 10.381111 0.498335 0.866972 -0.004683 -6.395279 -0.001111 0.006040 0.999981 -0.031393
0.925352 -0.379103 -0.002015 10.493361 0.379099 0.925354 -0.002211 -6.343934 0.002702 0.001282 0.999996 -0.031100
0.967153 -0.254192 -0.001215 10.619080 0.254193 0.967153 0.001016 -6.305534 0.000917 -0.001291 0.999999 -0.031179
0.986603 -0.163043 -0.005689 10.739743 0.163034 0.986619 -0.001910 -6.282874 0.005924 0.000957 0.999982 -0.030522
0.998806 -0.048845 -0.000761 10.870966 0.048843 0.998802 -0.002989 -6.270772 0.000906 0.002949 0.999995 -0.030259
0.999086 0.042020 -0.007795 10.996559 -0.042058 0.999104 -0.004781 -6.273386 0.007588 0.005105 0.999958 -0.029637
0.989768 0.142670 -0.002252 11.124086 -0.142682 0.989747 -0.006500 -6.287012 0.001301 0.006755 0.999976 -0.028967
0.967911 0.251285 -0.001814 11.251214 -0.251292 0.967872 -0.008681 -6.317015 -0.000426 0.008858 0.999961 -0.029074
0.942860 0.333134 0.006083 11.373522 -0.333033 0.942819 -0.013441 -6.357283 -0.010213 0.010648 0.999891 -0.029672
0.911795 0.410632 -0.003307 11.489787 -0.410642 0.911728 -0.011179 -6.407661 -0.001575 0.011551 0.999932 -0.030453
0.880474 0.474089 -0.002204 11.597591 -0.474093 0.880472 -0.002049 -6.463960 0.000969 0.002848 0.999995 -0.030350
0.839258 0.543731 0.001396 11.695385 -0.543708 0.839242 -0.007435 -6.524755 -0.005214 0.005481 0.999971 -0.030711
0.795049 0.606545 0.000384 11.769687 -0.606536 0.795041 -0.004991 -6.578899 -0.003332 0.003735 0.999987 -0.030958
0.790962 0.611864 -0.001091 11.821615 -0.611864 0.790957 -0.003143 -6.620190 -0.001060 0.003153 0.999994 -0.031121
0.855590 0.517651 -0.001722 11.823631 -0.517653 0.855583 -0.003620 -6.621580 -0.000400 0.003989 0.999992 -0.031123
0.853676 0.520802 -0.001764 11.823666 -0.520805 0.853668 -0.003532 -6.621717 -0.000334 0.003934 0.999992 -0.031124
0.853676 0.520802 -0.001764 11.823666 -0.520805 0.853668 -0.003532 -6.621717 -0.000334 0.003934 0.999992 -0.031124
0.853754 0.520671 -0.002368 11.823668 -0.520677 0.853747 -0.003390 -6.621737 0.000257 0.004127 0.999991 -0.031124
0.853730 0.520709 -0.002523 11.823668 -0.520715 0.853725 -0.003069 -6.621732 0.000556 0.003934 0.999992 -0.031124
0.853740 0.520694 -0.002495 11.823667 -0.520700 0.853735 -0.002897 -6.621734 0.000621 0.003772 0.999993 -0.031124
0.853740 0.520694 -0.002483 11.823667 -0.520700 0.853736 -0.002529 -6.621734 0.000803 0.003452 0.999994 -0.031124
0.853739 0.520694 -0.002534 11.823667 -0.520700 0.853737 -0.002352 -6.621734 0.000939 0.003328 0.999994 -0.031124
0.853739 0.520694 -0.002590 11.823667 -0.520700 0.853737 -0.002264 -6.621734 0.001033 0.003281 0.999994 -0.031124
0.853739 0.520695 -0.002560 11.823667 -0.520700 0.853737 -0.002170 -6.621734 0.001056 0.003186 0.999994 -0.031124
0.853739 0.520695 -0.002479 11.823667 -0.520700 0.853737 -0.002197 -6.621734 0.000972 0.003166 0.999995 -0.031124
0.853739 0.520695 -0.002479 11.823667 -0.520700 0.853737 -0.002197 -6.621734 0.000972 0.003166 0.999995 -0.031124
0.853739 0.520695 -0.002479 11.823667 -0.520700 0.853737 -0.002197 -6.621734 0.000972 0.003166 0.999995 -0.031124
0.853739 0.520695 -0.002554 11.823667 -0.520700 0.853737 -0.002151 -6.621734 0.001060 0.003166 0.999994 -0.031124
0.853739 0.520695 -0.002530 11.823667 -0.520700 0.853737 -0.002159 -6.621734 0.001036 0.003160 0.999994 -0.031124
0.853739 0.520695 -0.002483 11.823667 -0.520700 0.853737 -0.002154 -6.621734 0.000998 0.003132 0.999995 -0.031124
0.853739 0.520695 -0.002424 11.823667 -0.520700 0.853737 -0.002119 -6.621734 0.000966 0.003072 0.999995 -0.031124
0.853739 0.520695 -0.002465 11.823667 -0.520700 0.853737 -0.002049 -6.621734 0.001037 0.003033 0.999995 -0.031124
0.853739 0.520695 -0.002544 11.823667 -0.520700 0.853737 -0.002207 -6.621734 0.001023 0.003209 0.999994 -0.031124
0.853739 0.520695 -0.002535 11.823667 -0.520700 0.853737 -0.002254 -6.621734 0.000991 0.003244 0.999994 -0.031124
0.853739 0.520695 -0.002503 11.823667 -0.520700 0.853737 -0.002159 -6.621734 0.001012 0.003146 0.999995 -0.031124
0.853739 0.520695 -0.002559 11.823667 -0.520700 0.853737 -0.002136 -6.621734 0.001072 0.003156 0.999994 -0.031124
0.853739 0.520695 -0.002603 11.823667 -0.520700 0.853737 -0.002167 -6.621734 0.001094 0.003206 0.999994 -0.031124
0.853739 0.520694 -0.002653 11.823667 -0.520700 0.853737 -0.002208 -6.621734 0.001115 0.003267 0.999994 -0.031124
0.853739 0.520694 -0.002676 11.823667 -0.520700 0.853737 -0.002207 -6.621734 0.001135 0.003278 0.999994 -0.031124
0.853739 0.520694 -0.002676 11.823667 -0.520700 0.853737 -0.002207 -6.621734 0.001135 0.003278 0.999994 -0.031124
0.853739 0.520694 -0.002676 11.823667 -0.520700 0.853737 -0.002207 -6.621734 0.001135 0.003278 0.999994 -0.031124
0.853739 0.520694 -0.002676 11.823667 -0.520700 0.853737 -0.002207 -6.621734 0.001135 0.003278 0.999994 -0.031124
0.853739 0.520694 -0.002676 11.823667 -0.520700 0.853737 -0.002207 -6.621734 0.001135 0.003278 0.999994 -0.031124
0.853739 0.520694 -0.002676 11.823667 -0.520700 0.853737 -0.002207 -6.621734 0.001135 0.003278 0.999994 -0.031124
0.853739 0.520694 -0.002716 11.823667 -0.520700 0.853737 -0.002229 -6.621734 0.001158 0.003317 0.999994 -0.031124
0.853739 0.520694 -0.002730 11.823667 -0.520700 0.853737 -0.002214 -6.621734 0.001178 0.003311 0.999994 -0.031124
0.853739 0.520694 -0.002686 11.823667 -0.520700 0.853737 -0.002182 -6.621734 0.001157 0.003262 0.999994 -0.031124
0.853739 0.520694 -0.002707 11.823667 -0.520700 0.853737 -0.002183 -6.621734 0.001175 0.003273 0.999994 -0.031124
0.853739 0.520694 -0.002665 11.823667 -0.520700 0.853737 -0.002236 -6.621734 0.001111 0.003297 0.999994 -0.031124
0.853739 0.520694 -0.002713 11.823667 -0.520700 0.853737 -0.002228 -6.621734 0.001156 0.003314 0.999994 -0.031124
0.853739 0.520694 -0.002753 11.823667 -0.520700 0.853737 -0.002213 -6.621734 0.001198 0.003322 0.999994 -0.031124
0.853739 0.520694 -0.002725 11.823667 -0.520700 0.853737 -0.002229 -6.621734 0.001165 0.003322 0.999994 -0.031124
0.853739 0.520694 -0.002683 11.823667 -0.520700 0.853737 -0.002194 -6.621734 0.001148 0.003270 0.999994 -0.031124
0.853739 0.520694 -0.002683 11.823667 -0.520700 0.853737 -0.002194 -6.621734 0.001148 0.003270 0.999994 -0.031124
0.853739 0.520694 -0.002672 11.823667 -0.520700 0.853737 -0.002130 -6.621734 0.001173 0.003210 0.999994 -0.031124
0.853739 0.520694 -0.002654 11.823667 -0.520700 0.853737 -0.002106 -6.621734 0.001169 0.003180 0.999994 -0.031124
0.853739 0.520694 -0.002618 11.823667 -0.520700 0.853737 -0.002173 -6.621734 0.001104 0.003218 0.999994 -0.031124
0.853739 0.520694 -0.002619 11.823667 -0.520700 0.853737 -0.002206 -6.621734 0.001088 0.003247 0.999994 -0.031124
0.853739 0.520694 -0.002652 11.823667 -0.520700 0.853737 -0.002284 -6.621734 0.001075 0.003331 0.999994 -0.031124
0.853739 0.520694 -0.002633 11.823667 -0.520700 0.853737 -0.002256 -6.621734 0.001073 0.003297 0.999994 -0.031124
0.853739 0.520695 -0.002587 11.823667 -0.520700 0.853737 -0.002155 -6.621734 0.001086 0.003187 0.999994 -0.031124
0.853739 0.520695 -0.002508 11.823667 -0.520700 0.853737 -0.002126 -6.621734 0.001034 0.003121 0.999995 -0.031124
0.853739 0.520695 -0.002589 11.823667 -0.520700 0.853737 -0.002130 -6.621734 0.001101 0.003166 0.999994 -0.031124
0.853739 0.520694 -0.002689 11.823667 -0.520700 0.853737 -0.002114 -6.621734 0.001195 0.003205 0.999994 -0.031124
0.853739 0.520695 -0.002606 11.823667 -0.520700 0.853737 -0.002130 -6.621734 0.001116 0.003175 0.999994 -0.031124
0.853739 0.520694 -0.002643 11.823667 -0.520700 0.853737 -0.002202 -6.621734 0.001110 0.003256 0.999994 -0.031124
0.853739 0.520694 -0.002681 11.823667 -0.520700 0.853737 -0.002216 -6.621734 0.001135 0.003288 0.999994 -0.031124
0.853739 0.520694 -0.002681 11.823667 -0.520700 0.853737 -0.002216 -6.621734 0.001135 0.003288 0.999994 -0.031124
0.853739 0.520694 -0.002681 11.823667 -0.520700 0.853737 -0.002216 -6.621734 0.001135 0.003288 0.999994 -0.031124
0.853739 0.520694 -0.002681 11.823667 -0.520700 0.853737 -0.002216 -6.621734 0.001135 0.003288 0.999994 -0.031124
0.853739 0.520694 -0.002681 11.823667 -0.520700 0.853737 -0.002216 -6.621734 0.001135 0.003288 0.999994 -0.031124
0.853739 0.520694 -0.002681 11.823667 -0.520700 0.853737 -0.002216 -6.621734 0.001135 0.003288 0.999994 -0.031124
0.853739 0.520694 -0.002528 11.823667 -0.520699 0.853738 -0.002077 -6.621734 0.001076 0.003090 0.999995 -0.031124
0.853739 0.520695 -0.002545 11.823667 -0.520700 0.853738 -0.002022 -6.621734 0.001120 0.003052 0.999995 -0.031124
0.853739 0.520695 -0.002541 11.823667 -0.520700 0.853737 -0.002038 -6.621734 0.001108 0.003063 0.999995 -0.031124
0.853739 0.520695 -0.002556 11.823667 -0.520700 0.853737 -0.002066 -6.621734 0.001106 0.003094 0.999995 -0.031124
0.853739 0.520695 -0.002569 11.823667 -0.520700 0.853737 -0.002105 -6.621734 0.001097 0.003135 0.999994 -0.031124
0.853739 0.520694 -0.002628 11.823667 -0.520700 0.853737 -0.002131 -6.621734 0.001134 0.003188 0.999994 -0.031124
0.853739 0.520694 -0.002632 11.823667 -0.520700 0.853737 -0.002126 -6.621734 0.001140 0.003185 0.999994 -0.031124
0.853739 0.520695 -0.002600 11.823667 -0.520700 0.853737 -0.002080 -6.621734 0.001137 0.003130 0.999994 -0.031124
0.853739 0.520695 -0.002587 11.823667 -0.520700 0.853737 -0.002077 -6.621734 0.001127 0.003121 0.999994 -0.031124
0.853739 0.520695 -0.002587 11.823667 -0.520700 0.853737 -0.002077 -6.621734 0.001127 0.003121 0.999994 -0.031124
0.853739 0.520695 -0.002587 11.823667 -0.520700 0.853737 -0.002077 -6.621734 0.001127 0.003121 0.999994 -0.031124
0.853739 0.520695 -0.002587 11.823667 -0.520700 0.853737 -0.002077 -6.621734 0.001127 0.003121 0.999994 -0.031124
0.853739 0.520695 -0.002587 11.823667 -0.520700 0.853737 -0.002077 -6.621734 0.001127 0.003121 0.999994 -0.031124
0.853739 0.520695 -0.002543 11.823667 -0.520700 0.853737 -0.002118 -6.621734 0.001068 0.003132 0.999995 -0.031124
0.853739 0.520695 -0.002632 11.823667 -0.520700 0.853737 -0.002109 -6.621734 0.001148 0.003171 0.999994 -0.031124
0.853739 0.520694 -0.002704 11.823667 -0.520700 0.853737 -0.002008 -6.621734 0.001263 0.003122 0.999994 -0.031124
0.853739 0.520695 -0.002673 11.823667 -0.520700 0.853737 -0.002040 -6.621734 0.001220 0.003134 0.999994 -0.031124
0.853739 0.520694 -0.002685 11.823667 -0.520700 0.853737 -0.002147 -6.621734 0.001174 0.003231 0.999994 -0.031124
0.853739 0.520695 -0.002596 11.823667 -0.520700 0.853737 -0.002168 -6.621734 0.001087 0.003202 0.999994 -0.031124
0.853739 0.520695 -0.002478 11.823667 -0.520700 0.853737 -0.002226 -6.621734 0.000956 0.003190 0.999994 -0.031124
0.853739 0.520696 -0.002406 11.823667 -0.520700 0.853737 -0.002217 -6.621734 0.000899 0.003146 0.999995 -0.031124
0.853739 0.520695 -0.002463 11.823667 -0.520700 0.853737 -0.002224 -6.621734 0.000944 0.003181 0.999994 -0.031124
0.853739 0.520695 -0.002463 11.823667 -0.520700 0.853737 -0.002224 -6.621734 0.000944 0.003181 0.999994 -0.031124
0.853739 0.520695 -0.002463 11.823667 -0.520700 0.853737 -0.002224 -6.621734 0.000944 0.003181 0.999994 -0.031124
0.853739 0.520695 -0.002568 11.823667 -0.520701 0.853736 -0.002239 -6.621734 0.001026 0.003248 0.999994 -0.031124
0.853739 0.520694 -0.002601 11.823667 -0.520700 0.853737 -0.002260 -6.621734 0.001044 0.003284 0.999994 -0.031124
0.853739 0.520695 -0.002566 11.823667 -0.520700 0.853737 -0.002187 -6.621734 0.001052 0.003203 0.999994 -0.031124
0.853739 0.520695 -0.002540 11.823667 -0.520700 0.853737 -0.002180 -6.621734 0.001034 0.003184 0.999994 -0.031124
0.853739 0.520695 -0.002517 11.823667 -0.520700 0.853737 -0.002152 -6.621734 0.001028 0.003148 0.999995 -0.031124
0.853739 0.520695 -0.002559 11.823667 -0.520700 0.853737 -0.002144 -6.621734 0.001068 0.003162 0.999994 -0.031124
0.853739 0.520695 -0.002629 11.823667 -0.520700 0.853737 -0.002090 -6.621734 0.001156 0.003153 0.999994 -0.031124
0.853739 0.520695 -0.002646 11.823667 -0.520700 0.853737 -0.002106 -6.621734 0.001162 0.003175 0.999994 -0.031124
0.853739 0.520695 -0.002633 11.823667 -0.520700 0.853737 -0.002124 -6.621734 0.001142 0.003184 0.999994 -0.031124
0.853739 0.520695 -0.002615 11.823667 -0.520700 0.853737 -0.002120 -6.621734 0.001129 0.003172 0.999994 -0.031124
0.853739 0.520695 -0.002486 11.823667 -0.520700 0.853737 -0.002080 -6.621734 0.001039 0.003070 0.999995 -0.031124
0.853739 0.520695 -0.002477 11.823667 -0.520700 0.853737 -0.002074 -6.621734 0.001035 0.003060 0.999995 -0.031124
0.853739 0.520695 -0.002477 11.823667 -0.520700 0.853737 -0.002074 -6.621734 0.001035 0.003060 0.999995 -0.031124
0.853739 0.520695 -0.002477 11.823667 -0.520700 0.853737 -0.002074 -6.621734 0.001035 0.003060 0.999995 -0.031124
0.853739 0.520695 -0.002477 11.823667 -0.520700 0.853737 -0.002074 -6.621734 0.001035 0.003060 0.999995 -0.031124
0.853739 0.520695 -0.002477 11.823667 -0.520700 0.853737 -0.002074 -6.621734 0.001035 0.003060 0.999995 -0.031124
0.853739 0.520695 -0.002477 11.823667 -0.520700 0.853737 -0.002074 -6.621734 0.001035 0.003060 0.999995 -0.031124
0.853739 0.520694 -0.002693 11.823667 -0.520700 0.853737 -0.002110 -6.621734 0.001200 0.003203 0.999994 -0.031124
0.853739 0.520694 -0.002779 11.823667 -0.520700 0.853737 -0.002103 -6.621734 0.001278 0.003243 0.999994 -0.031124
0.853739 0.520694 -0.002703 11.823667 -0.520700 0.853737 -0.002134 -6.621734 0.001196 0.003229 0.999994 -0.031124
0.853739 0.520694 -0.002634 11.823667 -0.520700 0.853737 -0.002185 -6.621734 0.001111 0.003237 0.999994 -0.031124
0.853739 0.520694 -0.002627 11.823667 -0.520700 0.853737 -0.002199 -6.621734 0.001098 0.003245 0.999994 -0.031124
0.853739 0.520695 -0.002592 11.823667 -0.520700 0.853737 -0.002150 -6.621734 0.001093 0.003186 0.999994 -0.031124
0.853739 0.520695 -0.002543 11.823667 -0.520700 0.853737 -0.002094 -6.621734 0.001081 0.003112 0.999995 -0.031124
0.853739 0.520695 -0.002615 11.823667 -0.520700 0.853737 -0.002008 -6.621734 0.001187 0.003076 0.999995 -0.031124
0.853739 0.520695 -0.002615 11.823667 -0.520700 0.853737 -0.002008 -6.621734 0.001187 0.003076 0.999995 -0.031124
0.853739 0.520694 -0.002666 11.823667 -0.520700 0.853737 -0.002137 -6.621734 0.001163 0.003213 0.999994 -0.031124
0.853739 0.520694 -0.002626 11.823667 -0.520700 0.853737 -0.002165 -6.621734 0.001115 0.003216 0.999994 -0.031124
0.853739 0.520695 -0.002559 11.823667 -0.520700 0.853737 -0.002182 -6.621734 0.001048 0.003196 0.999994 -0.031124
0.853739 0.520695 -0.002547 11.823667 -0.520700 0.853737 -0.002185 -6.621734 0.001037 0.003191 0.999994 -0.031124
0.853739 0.520694 -0.002620 11.823667 -0.520700 0.853737 -0.002243 -6.621734 0.001068 0.003279 0.999994 -0.031124
0.853739 0.520694 -0.002711 11.823667 -0.520700 0.853737 -0.002321 -6.621734 0.001106 0.003394 0.999994 -0.031124
0.853739 0.520694 -0.002641 11.823667 -0.520700 0.853737 -0.002324 -6.621734 0.001044 0.003359 0.999994 -0.031124
0.853739 0.520694 -0.002620 11.823667 -0.520700 0.853737 -0.002161 -6.621734 0.001112 0.003209 0.999994 -0.031124
0.853739 0.520695 -0.002513 11.823667 -0.520700 0.853737 -0.002046 -6.621734 0.001080 0.003055 0.999995 -0.031124
0.853739 0.520695 -0.002527 11.823667 -0.520700 0.853737 -0.002001 -6.621734 0.001116 0.003025 0.999995 -0.031124
0.853739 0.520694 -0.002655 11.823667 -0.520700 0.853737 -0.002059 -6.621734 0.001195 0.003141 0.999994 -0.031124
0.853739 0.520695 -0.002650 11.823667 -0.520700 0.853737 -0.001989 -6.621734 0.001227 0.003078 0.999995 -0.031124
0.853739 0.520695 -0.002623 11.823667 -0.520701 0.853737 -0.002034 -6.621734 0.001181 0.003103 0.999994 -0.031124
0.853739 0.520695 -0.002623 11.823667 -0.520701 0.853737 -0.002034 -6.621734 0.001181 0.003103 0.999994 -0.031124
0.853739 0.520695 -0.002623 11.823667 -0.520701 0.853737 -0.002034 -6.621734 0.001181 0.003103 0.999994 -0.031124
0.853739 0.520695 -0.002623 11.823667 -0.520701 0.853737 -0.002034 -6.621734 0.001181 0.003103 0.999994 -0.031124
0.853739 0.520695 -0.002623 11.823667 -0.520701 0.853737 -0.002034 -6.621734 0.001181 0.003103 0.999994 -0.031124
0.853739 0.520695 -0.002623 11.823667 -0.520701 0.853737 -0.002034 -6.621734 0.001181 0.003103 0.999994 -0.031124
0.853739 0.520695 -0.002570 11.823667 -0.520701 0.853737 -0.002177 -6.621734 0.001060 0.003197 0.999994 -0.031124
0.853739 0.520696 -0.002380 11.823667 -0.520700 0.853737 -0.002047 -6.621734 0.000966 0.002987 0.999995 -0.031124
0.853739 0.520696 -0.002307 11.823667 -0.520700 0.853737 -0.001968 -6.621734 0.000945 0.002881 0.999995 -0.031124
0.853739 0.520695 -0.002382 11.823667 -0.520700 0.853738 -0.001977 -6.621734 0.001004 0.002928 0.999995 -0.031124
0.853739 0.520695 -0.002505 11.823667 -0.520700 0.853737 -0.001998 -6.621734 0.001098 0.003011 0.999995 -0.031124
0.853739 0.520695 -0.002692 11.823667 -0.520700 0.853737 -0.002060 -6.621734 0.001226 0.003161 0.999994 -0.031124
0.853739 0.520694 -0.002687 11.823667 -0.520700 0.853737 -0.002153 -6.621734 0.001173 0.003237 0.999994 -0.031124
0.853739 0.520694 -0.002750 11.823667 -0.520700 0.853737 -0.002172 -6.621734 0.001217 0.003286 0.999994 -0.031124
0.853739 0.520694 -0.002788 11.823667 -0.520700 0.853737 -0.002207 -6.621734 0.001231 0.003336 0.999994 -0.031124
0.853739 0.520694 -0.002788 11.823667 -0.520700 0.853737 -0.002207 -6.621734 0.001231 0.003336 0.999994 -0.031124
0.853739 0.520694 -0.002788 11.823667 -0.520700 0.853737 -0.002207 -6.621734 0.001231 0.003336 0.999994 -0.031124
0.853739 0.520694 -0.002788 11.823667 -0.520700 0.853737 -0.002207 -6.621734 0.001231 0.003336 0.999994 -0.031124
0.853739 0.520694 -0.002788 11.823667 -0.520700 0.853737 -0.002207 -6.621734 0.001231 0.003336 0.999994 -0.031124
0.853739 0.520694 -0.002735 11.823667 -0.520700 0.853737 -0.002252 -6.621734 0.001162 0.003347 0.999994 -0.031124
0.853739 0.520694 -0.002727 11.823667 -0.520700 0.853737 -0.002268 -6.621734 0.001147 0.003356 0.999994 -0.031124
0.853739 0.520694 -0.002689 11.823667 -0.520700 0.853737 -0.002278 -6.621734 0.001110 0.003345 0.999994 -0.031124
0.853739 0.520694 -0.002627 11.823667 -0.520700 0.853737 -0.002216 -6.621734 0.001089 0.003259 0.999994 -0.031124
0.853739 0.520695 -0.002564 11.823667 -0.520700 0.853737 -0.002157 -6.621734 0.001066 0.003177 0.999994 -0.031124
0.853739 0.520695 -0.002531 11.823667 -0.520700 0.853737 -0.002178 -6.621734 0.001027 0.003177 0.999994 -0.031124
0.853739 0.520695 -0.002575 11.823667 -0.520700 0.853737 -0.002180 -6.621734 0.001064 0.003202 0.999994 -0.031124
0.853739 0.520694 -0.002602 11.823667 -0.520700 0.853737 -0.002164 -6.621734 0.001095 0.003203 0.999994 -0.031124
0.853739 0.520694 -0.002635 11.823667 -0.520700 0.853737 -0.002168 -6.621734 0.001121 0.003223 0.999994 -0.031124
0.853739 0.520694 -0.002623 11.823667 -0.520700 0.853737 -0.002177 -6.621734 0.001106 0.003225 0.999994 -0.031124
0.853739 0.520694 -0.002623 11.823667 -0.520700 0.853737 -0.002177 -6.621734 0.001106 0.003225 0.999994 -0.031124
0.853739 0.520695 -0.002504 11.823667 -0.520700 0.853737 -0.002081 -6.621734 0.001054 0.003080 0.999995 -0.031124
0.853739 0.520695 -0.002476 11.823667 -0.520700 0.853737 -0.002035 -6.621734 0.001054 0.003026 0.999995 -0.031124
0.853739 0.520695 -0.002468 11.823667 -0.520700 0.853737 -0.002068 -6.621734 0.001031 0.003050 0.999995 -0.031124
0.853739 0.520695 -0.002531 11.823667 -0.520700 0.853737 -0.002096 -6.621734 0.001070 0.003107 0.999995 -0.031124
0.853739 0.520695 -0.002556 11.823667 -0.520700 0.853737 -0.002044 -6.621734 0.001118 0.003076 0.999995 -0.031124
0.853739 0.520695 -0.002582 11.823667 -0.520700 0.853738 -0.001967 -6.621734 0.001180 0.003024 0.999995 -0.031124
0.853739 0.520695 -0.002622 11.823667 -0.520700 0.853738 -0.001966 -6.621734 0.001215 0.003043 0.999995 -0.031124
0.853739 0.520695 -0.002650 11.823667 -0.520700 0.853737 -0.002040 -6.621734 0.001200 0.003121 0.999994 -0.031124
0.853739 0.520694 -0.002639 11.823667 -0.520700 0.853737 -0.002088 -6.621734 0.001165 0.003157 0.999994 -0.031124
0.853739 0.520694 -0.002686 11.823667 -0.520700 0.853737 -0.002166 -6.621734 0.001165 0.003248 0.999994 -0.031124
0.853739 0.520694 -0.002806 11.823667 -0.520700 0.853737 -0.002221 -6.621734 0.001239 0.003357 0.999994 -0.031124
0.853739 0.520694 -0.002781 11.823667 -0.520700 0.853737 -0.002201 -6.621734 0.001228 0.003327 0.999994 -0.031124
0.853739 0.520694 -0.002781 11.823667 -0.520700 0.853737 -0.002201 -6.621734 0.001228 0.003327 0.999994 -0.031124
0.853739 0.520694 -0.002781 11.823667 -0.520700 0.853737 -0.002201 -6.621734 0.001228 0.003327 0.999994 -0.031124
0.853739 0.520694 -0.002781 11.823667 -0.520700 0.853737 -0.002201 -6.621734 0.001228 0.003327 0.999994 -0.031124
0.853739 0.520694 -0.002781 11.823667 -0.520700 0.853737 -0.002201 -6.621734 0.001228 0.003327 0.999994 -0.031124
0.853739 0.520694 -0.002781 11.823667 -0.520700 0.853737 -0.002201 -6.621734 0.001228 0.003327 0.999994 -0.031124
0.853739 0.520694 -0.002728 11.823667 -0.520700 0.853737 -0.002083 -6.621734 0.001245 0.003199 0.999994 -0.031124
0.853739 0.520694 -0.002708 11.823667 -0.520700 0.853737 -0.002043 -6.621734 0.001248 0.003154 0.999994 -0.031124
0.853739 0.520694 -0.002671 11.823667 -0.520700 0.853737 -0.002042 -6.621734 0.001217 0.003134 0.999994 -0.031124
0.853739 0.520695 -0.002601 11.823667 -0.520700 0.853737 -0.002071 -6.621734 0.001142 0.003123 0.999994 -0.031124
0.853739 0.520695 -0.002528 11.823667 -0.520700 0.853737 -0.002174 -6.621734 0.001026 0.003173 0.999994 -0.031124
0.853739 0.520695 -0.002573 11.823667 -0.520700 0.853737 -0.002256 -6.621734 0.001022 0.003266 0.999994 -0.031124
0.853739 0.520695 -0.002580 11.823667 -0.520700 0.853737 -0.002228 -6.621734 0.001043 0.003246 0.999994 -0.031124
0.853739 0.520694 -0.002617 11.823667 -0.520700 0.853737 -0.002207 -6.621734 0.001085 0.003247 0.999994 -0.031124
0.853739 0.520695 -0.002571 11.823667 -0.520700 0.853737 -0.002198 -6.621734 0.001051 0.003215 0.999994 -0.031124
0.853739 0.520695 -0.002571 11.823667 -0.520700 0.853737 -0.002198 -6.621734 0.001051 0.003215 0.999994 -0.031124
0.853739 0.520695 -0.002613 11.823667 -0.520700 0.853737 -0.002178 -6.621734 0.001097 0.003220 0.999994 -0.031124
0.853739 0.520695 -0.002604 11.823667 -0.520700 0.853737 -0.002173 -6.621734 0.001091 0.003211 0.999994 -0.031124
0.853739 0.520694 -0.002623 11.823667 -0.520700 0.853737 -0.002203 -6.621734 0.001092 0.003247 0.999994 -0.031124
0.853739 0.520695 -0.002567 11.823667 -0.520700 0.853737 -0.002207 -6.621734 0.001042 0.003220 0.999994 -0.031124
0.853739 0.520695 -0.002466 11.823667 -0.520700 0.853737 -0.002138 -6.621734 0.000992 0.003109 0.999995 -0.031124
0.853739 0.520695 -0.002491 11.823667 -0.520700 0.853737 -0.002115 -6.621734 0.001026 0.003103 0.999995 -0.031124
0.853739 0.520695 -0.002584 11.823667 -0.520700 0.853737 -0.002128 -6.621734 0.001098 0.003162 0.999994 -0.031124
0.853739 0.520694 -0.002657 11.823667 -0.520700 0.853737 -0.002186 -6.621734 0.001130 0.003250 0.999994 -0.031124
0.853739 0.520694 -0.002660 11.823667 -0.520700 0.853737 -0.002244 -6.621734 0.001103 0.003301 0.999994 -0.031124
0.853739 0.520694 -0.002673 11.823667 -0.520700 0.853737 -0.002241 -6.621734 0.001115 0.003305 0.999994 -0.031124
0.853739 0.520694 -0.002654 11.823667 -0.520699 0.853737 -0.002184 -6.621734 0.001129 0.003247 0.999994 -0.031124
0.853740 0.520693 -0.002634 11.823667 -0.520699 0.853738 -0.002070 -6.621734 0.001171 0.003139 0.999994 -0.031124
0.853740 0.520693 -0.002629 11.823667 -0.520699 0.853738 -0.002008 -6.621734 0.001199 0.003083 0.999995 -0.031124
0.853740 0.520693 -0.002629 11.823667 -0.520699 0.853738 -0.002008 -6.621734 0.001199 0.003083 0.999995 -0.031124
0.853740 0.520693 -0.002738 11.823667 -0.520698 0.853738 -0.002019 -6.621734 0.001286 0.003149 0.999994 -0.031124
0.853740 0.520693 -0.002718 11.823667 -0.520698 0.853738 -0.002051 -6.621734 0.001252 0.003166 0.999994 -0.031124
0.853740 0.520693 -0.002688 11.823667 -0.520699 0.853738 -0.002071 -6.621734 0.001217 0.003168 0.999994 -0.031124
0.853740 0.520693 -0.002678 11.823667 -0.520699 0.853738 -0.002050 -6.621734 0.001219 0.003145 0.999994 -0.031124
0.853740 0.520693 -0.002687 11.823667 -0.520699 0.853738 -0.002046 -6.621734 0.001229 0.003146 0.999994 -0.031124
0.853740 0.520693 -0.002687 11.823667 -0.520699 0.853738 -0.002046 -6.621734 0.001229 0.003146 0.999994 -0.031124
0.853740 0.520693 -0.002659 11.823667 -0.520698 0.853738 -0.002201 -6.621734 0.001124 0.003264 0.999994 -0.031124
0.853740 0.520693 -0.002678 11.823667 -0.520698 0.853738 -0.002074 -6.621734 0.001206 0.003165 0.999994 -0.031124
0.853740 0.520694 -0.002577 11.823667 -0.520699 0.853738 -0.002028 -6.621734 0.001144 0.003073 0.999995 -0.031124
0.853740 0.520694 -0.002532 11.823667 -0.520699 0.853738 -0.002070 -6.621734 0.001083 0.003085 0.999995 -0.031124
0.853740 0.520694 -0.002552 11.823667 -0.520699 0.853738 -0.002105 -6.621734 0.001083 0.003126 0.999995 -0.031124
0.853740 0.520694 -0.002560 11.823667 -0.520699 0.853738 -0.002123 -6.621734 0.001080 0.003145 0.999994 -0.031124
0.853740 0.520694 -0.002560 11.823667 -0.520699 0.853738 -0.002123 -6.621734 0.001080 0.003145 0.999994 -0.031124
0.853740 0.520694 -0.002560 11.823667 -0.520699 0.853738 -0.002123 -6.621734 0.001080 0.003145 0.999994 -0.031124
0.853740 0.520694 -0.002560 11.823667 -0.520699 0.853738 -0.002123 -6.621734 0.001080 0.003145 0.999994 -0.031124
0.853740 0.520694 -0.002560 11.823667 -0.520699 0.853738 -0.002123 -6.621734 0.001080 0.003145 0.999994 -0.031124
0.853740 0.520694 -0.002560 11.823667 -0.520699 0.853738 -0.002123 -6.621734 0.001080 0.003145 0.999994 -0.031124
0.853740 0.520693 -0.002631 11.823667 -0.520699 0.853738 -0.002081 -6.621734 0.001163 0.003146 0.999994 -0.031124
0.853740 0.520693 -0.002555 11.823667 -0.520699 0.853738 -0.002124 -6.621734 0.001075 0.003143 0.999994 -0.031124
0.853740 0.520693 -0.002615 11.823667 -0.520699 0.853738 -0.002191 -6.621734 0.001092 0.003232 0.999994 -0.031124
0.853740 0.520693 -0.002659 11.823667 -0.520699 0.853738 -0.002249 -6.621734 0.001099 0.003304 0.999994 -0.031124
0.853740 0.520693 -0.002668 11.823667 -0.520699 0.853738 -0.002233 -6.621734 0.001115 0.003296 0.999994 -0.031124
0.853740 0.520693 -0.002668 11.823667 -0.520699 0.853738 -0.002158 -6.621734 0.001155 0.003232 0.999994 -0.031124
0.853740 0.520693 -0.002607 11.823667 -0.520699 0.853738 -0.002076 -6.621734 0.001145 0.003130 0.999994 -0.031124
0.853740 0.520693 -0.002563 11.823667 -0.520699 0.853738 -0.002050 -6.621734 0.001120 0.003084 0.999995 -0.031124
0.853740 0.520694 -0.002529 11.823667 -0.520699 0.853738 -0.002097 -6.621734 0.001067 0.003107 0.999995 -0.031124
0.853740 0.520694 -0.002529 11.823667 -0.520699 0.853738 -0.002097 -6.621734 0.001067 0.003107 0.999995 -0.031124
0.853740 0.520694 -0.002529 11.823667 -0.520699 0.853738 -0.002097 -6.621734 0.001067 0.003107 0.999995 -0.031124
0.853740 0.520694 -0.002529 11.823667 -0.520699 0.853738 -0.002097 -6.621734 0.001067 0.003107 0.999995 -0.031124
0.853740 0.520694 -0.002529 11.823667 -0.520699 0.853738 -0.002097 -6.621734 0.001067 0.003107 0.999995 -0.031124
0.853740 0.520694 -0.002529 11.823667 -0.520699 0.853738 -0.002097 -6.621734 0.001067 0.003107 0.999995 -0.031124
0.853739 0.520694 -0.002719 11.823667 -0.520699 0.853739 -0.001797 -6.621734 0.001385 0.002950 0.999995 -0.031124
0.853739 0.520694 -0.002702 11.823667 -0.520699 0.853739 -0.001806 -6.621734 0.001367 0.002949 0.999995 -0.031124
0.853739 0.520694 -0.002638 11.823667 -0.520699 0.853739 -0.001745 -6.621734 0.001344 0.002863 0.999995 -0.031124
0.853740 0.520693 -0.002653 11.823667 -0.520699 0.853739 -0.001860 -6.621734 0.001297 0.002969 0.999995 -0.031124
0.853740 0.520693 -0.002719 11.823667 -0.520699 0.853738 -0.001994 -6.621734 0.001283 0.003118 0.999994 -0.031124
0.853740 0.520693 -0.002751 11.823667 -0.520699 0.853738 -0.002209 -6.621734 0.001199 0.003318 0.999994 -0.031124
0.853740 0.520692 -0.002796 11.823667 -0.520698 0.853738 -0.002276 -6.621734 0.001202 0.003399 0.999994 -0.031124
0.853740 0.520693 -0.002718 11.823667 -0.520698 0.853738 -0.002272 -6.621734 0.001137 0.003355 0.999994 -0.031124
0.853740 0.520693 -0.002738 11.823667 -0.520699 0.853737 -0.002302 -6.621734 0.001139 0.003391 0.999994 -0.031124
0.853740 0.520693 -0.002738 11.823667 -0.520699 0.853737 -0.002302 -6.621734 0.001139 0.003391 0.999994 -0.031124
0.853740 0.520693 -0.002738 11.823667 -0.520699 0.853737 -0.002302 -6.621734 0.001139 0.003391 0.999994 -0.031124
0.853740 0.520693 -0.002738 11.823667 -0.520699 0.853737 -0.002302 -6.621734 0.001139 0.003391 0.999994 -0.031124
0.853740 0.520693 -0.002738 11.823667 -0.520699 0.853737 -0.002302 -6.621734 0.001139 0.003391 0.999994 -0.031124
0.853740 0.520693 -0.002707 11.823667 -0.520699 0.853738 -0.002186 -6.621734 0.001173 0.003276 0.999994 -0.031124
0.853740 0.520693 -0.002707 11.823667 -0.520699 0.853738 -0.002186 -6.621734 0.001173 0.003276 0.999994 -0.031124
0.853740 0.520692 -0.002744 11.823667 -0.520698 0.853738 -0.002109 -6.621734 0.001245 0.003230 0.999994 -0.031124
0.853740 0.520692 -0.002857 11.823667 -0.520698 0.853738 -0.002187 -6.621734 0.001301 0.003354 0.999994 -0.031124
0.853740 0.520692 -0.002830 11.823667 -0.520698 0.853738 -0.002181 -6.621734 0.001281 0.003336 0.999994 -0.031124
0.853740 0.520692 -0.002841 11.823667 -0.520698 0.853738 -0.002110 -6.621734 0.001327 0.003281 0.999994 -0.031124
0.853740 0.520693 -0.002737 11.823667 -0.520698 0.853738 -0.002069 -6.621734 0.001260 0.003191 0.999994 -0.031124
0.853740 0.520693 -0.002661 11.823667 -0.520698 0.853738 -0.002081 -6.621734 0.001188 0.003163 0.999994 -0.031124
0.853740 0.520693 -0.002663 11.823667 -0.520698 0.853738 -0.002205 -6.621734 0.001126 0.003269 0.999994 -0.031124
0.853740 0.520693 -0.002666 11.823667 -0.520699 0.853738 -0.002229 -6.621734 0.001116 0.003291 0.999994 -0.031124
0.853740 0.520693 -0.002760 11.823667 -0.520699 0.853738 -0.002227 -6.621734 0.001197 0.003339 0.999994 -0.031124
0.853740 0.520692 -0.002785 11.823667 -0.520698 0.853738 -0.002112 -6.621734 0.001278 0.003253 0.999994 -0.031124
0.853740 0.520693 -0.002719 11.823667 -0.520698 0.853738 -0.002054 -6.621734 0.001252 0.003170 0.999994 -0.031124
0.853740 0.520693 -0.002719 11.823667 -0.520698 0.853738 -0.002054 -6.621734 0.001252 0.003170 0.999994 -0.031124
0.853740 0.520693 -0.002719 11.823667 -0.520698 0.853738 -0.002054 -6.621734 0.001252 0.003170 0.999994 -0.031124
0.853740 0.520693 -0.002709 11.823667 -0.520698 0.853738 -0.002131 -6.621734 0.001203 0.003230 0.999994 -0.031124
0.853740 0.520692 -0.002644 11.823667 -0.520698 0.853738 -0.002234 -6.621734 0.001094 0.003284 0.999994 -0.031124
0.853741 0.520691 -0.002640 11.823667 -0.520697 0.853739 -0.002252 -6.621734 0.001081 0.003297 0.999994 -0.031124
0.853741 0.520691 -0.002726 11.823667 -0.520697 0.853739 -0.002200 -6.621734 0.001182 0.003298 0.999994 -0.031124
0.853741 0.520692 -0.002675 11.823667 -0.520697 0.853739 -0.002133 -6.621734 0.001173 0.003214 0.999994 -0.031124
0.853741 0.520691 -0.002720 11.823667 -0.520697 0.853739 -0.002090 -6.621734 0.001234 0.003200 0.999994 -0.031124
0.853741 0.520692 -0.002695 11.823667 -0.520697 0.853739 -0.002038 -6.621734 0.001239 0.003143 0.999994 -0.031124
0.853741 0.520692 -0.002676 11.823667 -0.520697 0.853739 -0.001940 -6.621734 0.001274 0.003050 0.999995 -0.031124
0.853741 0.520692 -0.002675 11.823667 -0.520697 0.853739 -0.001936 -6.621734 0.001276 0.003046 0.999995 -0.031124
0.853741 0.520692 -0.002675 11.823667 -0.520697 0.853739 -0.001936 -6.621734 0.001276 0.003046 0.999995 -0.031124
0.853741 0.520692 -0.002675 11.823667 -0.520697 0.853739 -0.001936 -6.621734 0.001276 0.003046 0.999995 -0.031124
0.853741 0.520692 -0.002675 11.823667 -0.520697 0.853739 -0.001936 -6.621734 0.001276 0.003046 0.999995 -0.031124
0.853741 0.520692 -0.002675 11.823667 -0.520697 0.853739 -0.001936 -6.621734 0.001276 0.003046 0.999995 -0.031124
0.853741 0.520692 -0.002675 11.823667 -0.520697 0.853739 -0.001936 -6.621734 0.001276 0.003046 0.999995 -0.031124
0.853741 0.520692 -0.002643 11.823667 -0.520697 0.853739 -0.002051 -6.621734 0.001188 0.003127 0.999994 -0.031124
0.853741 0.520692 -0.002682 11.823667 -0.520697 0.853739 -0.002038 -6.621734 0.001229 0.003137 0.999994 -0.031124
0.853741 0.520691 -0.002737 11.823667 -0.520697 0.853739 -0.002095 -6.621734 0.001246 0.003214 0.999994 -0.031124
0.853741 0.520691 -0.002747 11.823667 -0.520697 0.853739 -0.002038 -6.621734 0.001284 0.003170 0.999994 -0.031124
0.853741 0.520690 -0.002761 11.823667 -0.520696 0.853740 -0.002014 -6.621734 0.001308 0.003157 0.999994 -0.031124
0.853741 0.520690 -0.002793 11.823667 -0.520696 0.853740 -0.002023 -6.621734 0.001331 0.003181 0.999994 -0.031124
0.853741 0.520690 -0.002802 11.823667 -0.520696 0.853740 -0.002027 -6.621734 0.001337 0.003189 0.999994 -0.031124
0.853741 0.520690 -0.002754 11.823667 -0.520696 0.853740 -0.002068 -6.621734 0.001275 0.003200 0.999994 -0.031124
0.853741 0.520690 -0.002754 11.823667 -0.520696 0.853740 -0.002068 -6.621734 0.001275 0.003200 0.999994 -0.031124
0.853741 0.520691 -0.002675 11.823667 -0.520696 0.853740 -0.001880 -6.621734 0.001305 0.002998 0.999995 -0.031124
0.853741 0.520690 -0.002651 11.823667 -0.520696 0.853740 -0.001920 -6.621734 0.001263 0.003019 0.999995 -0.031124
0.853742 0.520691 -0.002555 11.823667 -0.520696 0.853740 -0.001999 -6.621734 0.001141 0.003038 0.999995 -0.031124
0.853742 0.520691 -0.002561 11.823667 -0.520696 0.853740 -0.002110 -6.621734 0.001088 0.003135 0.999994 -0.031124
0.853742 0.520691 -0.002558 11.823667 -0.520696 0.853739 -0.002210 -6.621734 0.001034 0.003219 0.999994 -0.031124
0.853742 0.520690 -0.002616 11.823667 -0.520696 0.853739 -0.002200 -6.621734 0.001088 0.003240 0.999994 -0.031124
0.853742 0.520690 -0.002605 11.823667 -0.520696 0.853739 -0.002207 -6.621734 0.001075 0.003241 0.999994 -0.031124
0.853742 0.520690 -0.002733 11.823667 -0.520696 0.853739 -0.002220 -6.621734 0.001177 0.003318 0.999994 -0.031124
0.853741 0.520690 -0.002823 11.823667 -0.520696 0.853740 -0.002147 -6.621734 0.001292 0.003303 0.999994 -0.031124
0.853741 0.520690 -0.002813 11.823667 -0.520696 0.853740 -0.002188 -6.621734 0.001262 0.003333 0.999994 -0.031124
0.853741 0.520690 -0.002785 11.823667 -0.520696 0.853740 -0.002147 -6.621734 0.001260 0.003283 0.999994 -0.031124
0.853742 0.520690 -0.002661 11.823667 -0.520696 0.853740 -0.002171 -6.621734 0.001142 0.003239 0.999994 -0.031124
0.853742 0.520690 -0.002654 11.823667 -0.520695 0.853740 -0.002173 -6.621734 0.001134 0.003237 0.999994 -0.031124
0.853742 0.520690 -0.002654 11.823667 -0.520695 0.853740 -0.002173 -6.621734 0.001134 0.003237 0.999994 -0.031124
0.853742 0.520690 -0.002654 11.823667 -0.520695 0.853740 -0.002173 -6.621734 0.001134 0.003237 0.999994 -0.031124
0.853742 0.520690 -0.002654 11.823667 -0.520695 0.853740 -0.002173 -6.621734 0.001134 0.003237 0.999994 -0.031124
0.853742 0.520690 -0.002654 11.823667 -0.520695 0.853740 -0.002173 -6.621734 0.001134 0.003237 0.999994 -0.031124
0.853741 0.520690 -0.002800 11.823667 -0.520696 0.853740 -0.002078 -6.621734 0.001308 0.003232 0.999994 -0.031124
0.853741 0.520690 -0.002810 11.823667 -0.520696 0.853740 -0.002162 -6.621734 0.001273 0.003309 0.999994 -0.031124
0.853741 0.520690 -0.002803 11.823667 -0.520696 0.853740 -0.002128 -6.621734 0.001285 0.003277 0.999994 -0.031124
