-0.696730 0.717294 0.007460 10.783154 -0.717317 -0.696747 -0.000575 -6.661837 0.004786 -0.005752 0.999972 -0.033691
-0.751505 0.659722 0.002742 10.690318 -0.659727 -0.751503 -0.001767 -6.747608 0.000895 -0.003137 0.999995 -0.033433
-0.782237 0.622969 0.003825 10.593405 -0.622964 -0.782246 0.002486 -6.825853 0.004541 -0.000438 0.999990 -0.033022
-0.785147 0.619276 0.006452 10.497519 -0.619229 -0.785170 0.007952 -6.901523 0.009991 0.002248 0.999948 -0.032132
-0.800622 0.599167 -0.001580 10.396507 -0.599169 -0.800618 0.002784 -6.976206 0.000403 0.003176 0.999995 -0.031165
-0.803879 0.594785 -0.003182 10.295064 -0.594793 -0.803874 0.002839 -7.050530 -0.000869 0.004175 0.999991 -0.031209
-0.770794 0.637083 0.001497 10.193825 -0.637085 -0.770793 -0.001384 -7.130623 0.000272 -0.002020 0.999998 -0.031026
-0.755070 0.655631 -0.004147 10.097909 -0.655636 -0.755077 -0.000229 -7.210583 -0.003281 0.002546 0.999991 -0.031117
-0.741743 0.670655 0.006290 10.005171 -0.670613 -0.741768 0.007590 -7.293358 0.009756 0.001412 0.999951 -0.031054
-0.726246 0.687342 0.011301 9.913044 -0.687351 -0.726316 0.003694 -7.376411 0.010747 -0.005085 0.999929 -0.029528
-0.686234 0.727352 0.006468 9.844050 -0.727366 -0.686250 0.000199 -7.444571 0.004583 -0.004568 0.999979 -0.028675
-0.580708 0.814082 0.007014 9.817654 -0.814093 -0.580732 0.001800 -7.476345 0.005539 -0.004664 0.999974 -0.028450
-0.649004 0.760768 0.005065 9.812461 -0.760770 -0.649019 0.001956 -7.483489 0.004776 -0.002584 0.999985 -0.028401
-0.743028 0.669250 0.003784 9.812117 -0.669249 -0.743036 0.001526 -7.483537 0.003832 -0.001399 0.999992 -0.028399
-0.820743 0.571294 0.001964 9.812130 -0.571292 -0.820746 0.001404 -7.483487 0.002414 0.000030 0.999997 -0.028399
-0.766409 0.642347 0.002553 9.807631 -0.642348 -0.766413 0.000716 -7.487134 0.002417 -0.001091 0.999996 -0.028385
-0.722083 0.691800 0.002825 9.801661 -0.691803 -0.722086 -0.000012 -7.492385 0.002032 -0.001963 0.999996 -0.028368
-0.674858 0.737940 0.003315 9.795718 -0.737944 -0.674862 0.000302 -7.498293 0.002460 -0.002243 0.999994 -0.028348
-0.667025 0.745025 0.003762 9.791889 -0.745030 -0.667031 0.000286 -7.502467 0.002723 -0.002612 0.999993 -0.028335
-0.753232 0.657751 0.002407 9.791467 -0.657752 -0.753235 0.000439 -7.502717 0.002102 -0.001253 0.999997 -0.028333
-0.844025 0.536303 0.000794 9.791409 -0.536304 -0.844025 0.000050 -7.502502 0.000697 -0.000384 1.000000 -0.028333
-0.865346 0.501175 0.000044 9.784229 -0.501175 -0.865346 0.000047 -7.506691 0.000062 0.000019 1.000000 -0.028333
-0.881916 0.471407 -0.000206 9.774622 -0.471406 -0.881916 -0.000212 -7.511921 -0.000282 -0.000090 1.000000 -0.028333
-0.899333 0.437264 -0.000940 9.765965 -0.437265 -0.899333 0.000209 -7.515946 -0.000754 0.000599 1.000000 -0.028338
-0.947489 0.319782 -0.001848 9.765553 -0.319783 -0.947491 0.000587 -7.515862 -0.001563 0.001147 0.999998 -0.028339
-0.872716 0.488229 -0.000114 9.767050 -0.488229 -0.872716 -0.000027 -7.516114 -0.000112 0.000032 1.000000 -0.028336
-0.656249 0.754539 0.002728 9.766832 -0.754543 -0.656250 -0.000540 -7.516058 0.001383 -0.002413 0.999996 -0.028337
-0.541249 0.840859 0.002334 9.744301 -0.840857 -0.541254 0.001934 -7.549089 0.002889 -0.000916 0.999995 -0.028196
-0.591637 0.806200 0.002631 9.728237 -0.806192 -0.591643 0.003671 -7.572000 0.004516 0.000051 0.999990 -0.028076
-0.632790 0.774319 0.002513 9.715811 -0.774311 -0.632795 0.003562 -7.588139 0.004348 0.000308 0.999990 -0.027983
-0.660735 0.750616 0.002442 9.703787 -0.750604 -0.660739 0.004203 -7.601616 0.004768 0.000944 0.999988 -0.027904
-0.663593 0.748089 0.002642 9.693735 -0.748075 -0.663598 0.004663 -7.612734 0.005242 0.001118 0.999986 -0.027829
-0.653404 0.757005 0.002412 9.684149 -0.756980 -0.653404 0.006770 -7.623783 0.006701 0.002598 0.999974 -0.027749
-0.692975 0.720956 0.002793 9.683579 -0.720938 -0.692978 0.005445 -7.624325 0.005861 0.001760 0.999981 -0.027744
-0.774269 0.632853 0.001868 9.680903 -0.632840 -0.774267 0.004987 -7.626572 0.004603 0.002679 0.999986 -0.027724
-0.785928 0.618295 0.005291 9.631902 -0.618245 -0.785938 0.008609 -7.663920 0.009481 0.003495 0.999949 -0.027266
-0.697637 0.716443 0.003397 9.539182 -0.716434 -0.697645 0.003673 -7.749474 0.005001 0.000128 0.999987 -0.026207
-0.574620 0.818419 -0.001727 9.455142 -0.818420 -0.574620 0.000332 -7.849960 -0.000720 0.001604 0.999998 -0.025800
-0.348691 0.937237 0.001164 9.399233 -0.937227 -0.348692 0.004452 -7.953641 0.004579 0.000462 0.999989 -0.025550
-0.073795 0.997273 0.000736 9.371601 -0.997268 -0.073792 -0.003392 -8.074042 -0.003329 -0.000984 0.999994 -0.025498
0.207259 0.978286 0.000985 9.378794 -0.978263 0.207261 -0.006682 -8.195701 -0.006741 0.000422 0.999977 -0.026098
0.426192 0.904631 0.001694 9.419929 -0.904619 0.426195 -0.004804 -8.316525 -0.005068 0.000515 0.999987 -0.026801
0.617684 0.786426 0.000446 9.484778 -0.786406 0.617672 -0.006903 -8.418465 -0.005705 0.003913 0.999976 -0.027541
0.737558 0.675282 -0.001809 9.575355 -0.675284 0.737550 -0.003377 -8.514315 -0.000946 0.003712 0.999993 -0.027979
0.816634 0.577155 -0.000713 9.676882 -0.577154 0.816634 0.001554 -8.594049 0.001479 -0.000858 0.999999 -0.028003
0.848002 0.529985 -0.002918 9.783688 -0.529968 0.848003 0.004956 -8.664331 0.005101 -0.002656 0.999983 -0.027493
0.850091 0.526630 0.002494 9.891742 -0.526635 0.850091 0.001376 -8.732665 -0.001396 -0.002483 0.999996 -0.027346
0.868949 0.494785 0.010729 9.968421 -0.494775 0.869013 -0.003754 -8.779515 -0.011181 -0.002047 0.999935 -0.027724
0.881556 0.471871 0.014040 10.019206 -0.471909 0.881647 -0.000682 -8.807131 -0.012700 -0.006025 0.999901 -0.028496
0.882317 0.470416 0.015024 10.055459 -0.470456 0.882423 -0.000982 -8.826936 -0.013719 -0.006202 0.999887 -0.029020
0.885907 0.463603 0.015511 10.080962 -0.463650 0.886018 -0.000607 -8.840600 -0.014025 -0.006654 0.999880 -0.029413
0.888124 0.459342 0.015488 10.101795 -0.459403 0.888228 0.000431 -8.851267 -0.013559 -0.007498 0.999880 -0.029740
0.890967 0.453778 0.016249 10.115978 -0.453850 0.891078 0.000847 -8.858658 -0.014094 -0.008129 0.999868 -0.029960
0.901484 0.432599 0.013587 10.129670 -0.432641 0.901566 0.000221 -8.865381 -0.012154 -0.006078 0.999908 -0.030173
0.900483 0.434763 0.010566 10.143109 -0.434790 0.900532 0.000228 -8.872025 -0.009416 -0.004800 0.999944 -0.030325
0.898480 0.438892 0.010352 10.145905 -0.438917 0.898527 0.000243 -8.873384 -0.009195 -0.004762 0.999946 -0.030354
0.836826 0.547374 0.010162 10.146519 -0.547394 0.836874 -0.000918 -8.873395 -0.009006 -0.004795 0.999948 -0.030361
0.790660 0.612191 0.008877 10.161287 -0.612214 0.790692 -0.000239 -8.884583 -0.007165 -0.005246 0.999961 -0.030512
0.788675 0.614765 0.007523 10.175760 -0.614790 0.788690 0.001345 -8.895949 -0.005107 -0.005686 0.999971 -0.030625
0.797400 0.603403 0.007581 10.186876 -0.603432 0.797412 0.002140 -8.904744 -0.004754 -0.006281 0.999969 -0.030695
0.798765 0.601589 0.008039 10.199248 -0.601621 0.798778 0.002195 -8.913914 -0.005100 -0.006590 0.999965 -0.030769
0.806329 0.591416 0.007800 10.205018 -0.591447 0.806340 0.002421 -8.918609 -0.004857 -0.006566 0.999967 -0.030806
0.722654 0.691165 0.007806 10.205882 -0.691199 0.722659 0.002734 -8.919098 -0.003752 -0.007371 0.999966 -0.030811
0.627687 0.778434 0.007048 10.205679 -0.778466 0.627665 0.005219 -8.918952 -0.000361 -0.008763 0.999962 -0.030810
0.662344 0.749167 0.007006 10.220163 -0.749199 0.662306 0.007212 -8.936055 0.000763 -0.010026 0.999949 -0.030798
0.698935 0.715142 0.007827 10.232509 -0.715185 0.698899 0.007149 -8.949363 -0.000357 -0.010595 0.999944 -0.030790
0.701498 0.712622 0.008398 10.243577 -0.712671 0.701460 0.007266 -8.960644 -0.000713 -0.011082 0.999938 -0.030799
0.698062 0.715990 0.008247 10.250456 -0.716037 0.698016 0.008065 -8.967843 0.000018 -0.011535 0.999933 -0.030803
0.687914 0.725730 0.009482 10.256678 -0.725792 0.687865 0.008267 -8.974458 -0.000522 -0.012569 0.999921 -0.030803
0.741753 0.670558 0.012435 10.319200 -0.670658 0.741733 0.007044 -9.033078 -0.004500 -0.013564 0.999898 -0.031038
0.812095 0.583363 0.013751 10.424036 -0.583413 0.812175 -0.000429 -9.115804 -0.011419 -0.007674 0.999905 -0.032038
0.868745 0.495171 0.009335 10.531672 -0.495207 0.868773 0.001801 -9.184965 -0.007218 -0.006187 0.999955 -0.033213
0.934683 0.355361 0.009317 10.648160 -0.355411 0.934700 0.004351 -9.238235 -0.007162 -0.007378 0.999947 -0.034056
0.982553 0.185958 0.003179 10.773568 -0.185970 0.982546 0.004303 -9.271732 -0.002323 -0.004819 0.999986 -0.034548
0.999799 -0.018965 0.006488 10.898454 0.018945 0.999815 0.003187 -9.281045 -0.006547 -0.003063 0.999974 -0.034971
0.977087 -0.212801 0.004100 11.026834 0.212797 0.977095 0.001421 -9.265065 -0.004309 -0.000516 0.999991 -0.036022
0.917552 -0.397607 -0.002695 11.146361 0.397604 0.917556 -0.001724 -9.224647 0.003159 0.000510 0.999995 -0.035768
0.838155 -0.545423 0.003166 11.258698 0.545394 0.838151 0.006921 -9.161665 -0.006428 -0.004074 0.999971 -0.035595
0.722023 -0.691851 0.004978 11.356836 0.691847 0.722039 0.002685 -9.082688 -0.005452 0.001506 0.999984 -0.036620
0.641628 -0.767015 0.001332 11.446297 0.767016 0.641628 -0.000428 -8.982546 -0.000526 0.001296 0.999999 -0.037065
0.611812 -0.790999 0.002450 11.525620 0.790996 0.611817 0.002351 -8.882851 -0.003358 0.000500 0.999994 -0.037278
0.601292 -0.799026 0.002199 11.600763 0.799021 0.601296 0.002854 -8.783919 -0.003603 0.000041 0.999994 -0.037859
0.636739 -0.771077 0.001710 11.679746 0.771072 0.636723 -0.005652 -8.684112 0.003269 0.004918 0.999983 -0.037894
0.707588 -0.706623 -0.001677 11.768046 0.706595 0.707578 -0.007489 -8.587529 0.006478 0.004114 0.999971 -0.037054
0.820658 -0.571378 0.006925 11.865279 0.571409 0.820658 -0.003674 -8.509700 -0.003583 0.006972 0.999969 -0.037192
0.909731 -0.415022 0.012070 11.972337 0.415108 0.909754 -0.005706 -8.451683 -0.008613 0.010202 0.999911 -0.037998
0.974591 -0.223982 0.001917 12.080780 0.223983 0.974593 -0.000545 -8.417939 -0.001746 0.000961 0.999998 -0.038588
0.999273 -0.038040 0.002497 12.205693 0.038042 0.999276 -0.000478 -8.403948 -0.002477 0.000573 0.999997 -0.039079
0.997091 0.076216 -0.000483 12.325854 -0.076215 0.997090 0.001412 -8.411285 0.000589 -0.001371 0.999999 -0.039511
0.993817 0.110938 -0.004537 12.439897 -0.110944 0.993826 -0.001016 -8.424278 0.004396 0.001513 0.999989 -0.038976
0.991632 0.128941 -0.006402 12.581324 -0.128952 0.991650 -0.001215 -8.443040 0.006192 0.002030 0.999979 -0.038879
0.952136 0.305592 -0.007049 12.699814 -0.305628 0.952139 -0.004767 -8.472671 0.005255 0.006693 0.999964 -0.038286
0.897469 0.441076 -0.001378 12.817115 -0.441078 0.897456 -0.004741 -8.523022 -0.000855 0.004863 0.999988 -0.037872
0.828336 0.560207 -0.005244 12.923128 -0.560229 0.828324 -0.004754 -8.588388 0.001681 0.006876 0.999975 -0.038106
0.747271 0.664516 0.002138 13.021325 -0.664426 0.747216 -0.014339 -8.669392 -0.011126 0.009295 0.999895 -0.038861
0.697497 0.716573 -0.004590 13.114510 -0.716580 0.697445 -0.009129 -8.761655 -0.003340 0.009656 0.999948 -0.039838
0.663374 0.748288 -0.000280 13.197540 -0.748285 0.663370 -0.003292 -8.852633 -0.002278 0.002393 0.999995 -0.039817
0.670887 0.741555 -0.002716 13.279400 -0.741558 0.670871 -0.004930 -8.946768 -0.001834 0.005321 0.999984 -0.040295
0.696620 0.717440 0.000530 13.368478 -0.717435 0.696617 -0.003232 -9.042985 -0.002688 0.001871 0.999995 -0.040771
0.756955 0.653467 0.001025 13.460341 -0.653465 0.756955 -0.001583 -9.129603 -0.001811 0.000528 0.999998 -0.040930
0.789234 0.614090 0.001759 13.558936 -0.614077 0.789230 -0.004996 -9.210860 -0.004457 0.002863 0.999986 -0.041570
0.790455 0.612452 0.009083 13.657748 -0.612401 0.790507 -0.007983 -9.288311 -0.012070 0.000748 0.999927 -0.042742
0.756833 0.653558 0.008029 13.752902 -0.653580 0.756857 0.000097 -9.368219 -0.006013 -0.005321 0.999968 -0.043930
0.863340 0.504543 0.008968 13.780516 -0.504577 0.863364 0.001920 -9.392289 -0.006774 -0.006182 0.999958 -0.044126
0.995497 0.093749 0.014013 13.781036 -0.093804 0.995585 0.003357 -9.393124 -0.013636 -0.004656 0.999896 -0.044131
0.947303 -0.319920 0.016382 13.782848 0.319831 0.947442 0.007856 -9.393097 -0.018035 -0.002203 0.999835 -0.044160
0.679812 -0.733367 0.005369 13.791147 0.733367 0.679829 0.002376 -9.386297 -0.005392 0.002322 0.999983 -0.044278
0.302090 -0.953272 0.003796 13.803681 0.953266 0.302062 -0.006520 -9.361856 0.005068 0.005588 0.999972 -0.044248
-0.101136 -0.994860 0.004958 13.811337 0.994848 -0.101167 -0.006560 -9.295277 0.007028 0.004269 0.999966 -0.043591
-0.552712 -0.833372 -0.000546 13.807310 0.833355 -0.552696 -0.006781 -9.272661 0.005349 -0.004203 0.999977 -0.043453
-0.845078 -0.534637 0.002526 13.804506 0.534593 -0.845054 -0.009650 -9.269358 0.007294 -0.006804 0.999950 -0.043432
-0.995713 -0.092437 0.003352 13.800323 0.092409 -0.995690 -0.007894 -9.268162 0.004068 -0.007550 0.999963 -0.043410
-0.928330 0.371717 0.005479 13.782623 -0.371750 -0.928304 -0.007341 -9.270527 0.002357 -0.008852 0.999958 -0.043346
-0.650045 0.759835 0.009581 13.758418 -0.759895 -0.649999 -0.007794 -9.289544 0.000305 -0.012347 0.999924 -0.043347
-0.263614 0.964591 0.008475 13.725414 -0.964601 -0.263662 0.005144 -9.359844 0.007197 -0.006819 0.999951 -0.042985
0.132291 0.991194 0.005858 13.718797 -0.991197 0.132256 0.006092 -9.444499 0.005264 -0.006612 0.999964 -0.042455
-0.035132 0.999366 0.005710 13.717841 -0.999375 -0.035153 0.003785 -9.445414 0.003984 -0.005573 0.999977 -0.042446
-0.459780 0.888025 0.003680 13.718167 -0.888027 -0.459788 0.001875 -9.444538 0.003357 -0.002406 0.999991 -0.042449
-0.831367 0.555723 -0.000299 13.708730 -0.555722 -0.831364 0.002515 -9.454527 0.001149 0.002257 0.999997 -0.042419
-0.995408 0.095711 0.001614 13.649594 -0.095707 -0.995406 0.002501 -9.471249 0.001846 0.002335 0.999996 -0.042331
-0.957622 -0.288025 -0.001501 13.581792 0.288023 -0.957622 0.001520 -9.464308 -0.001875 0.001023 0.999998 -0.042325
-0.843554 -0.537034 -0.003379 13.534899 0.537024 -0.843560 0.003402 -9.443450 -0.004678 0.001055 0.999989 -0.042512
-0.759897 -0.650043 -0.000241 13.512423 0.650042 -0.759896 0.001469 -9.426555 -0.001138 0.000959 0.999999 -0.042649
-0.623727 -0.781640 0.001963 13.493376 0.781627 -0.623728 -0.004762 -9.406163 0.004946 -0.001436 0.999987 -0.042587
-0.568571 -0.822632 0.001742 13.475972 0.822628 -0.568574 -0.002660 -9.379997 0.003179 -0.000079 0.999995 -0.042419
-0.524742 -0.851260 0.001399 13.463117 0.851255 -0.524744 -0.002780 -9.359993 0.003101 -0.000267 0.999995 -0.042349
-0.024868 -0.999690 0.001526 13.463214 0.999669 -0.024877 -0.006506 -9.358108 0.006542 0.001364 0.999978 -0.042341
0.448371 -0.893847 0.000707 13.468468 0.893833 0.448359 -0.006099 -9.334267 0.005134 0.003366 0.999981 -0.042191
0.844031 -0.536277 0.004297 13.493587 0.536292 0.844025 -0.003602 -9.307372 -0.001695 0.005344 0.999984 -0.042108
0.993986 -0.109431 0.004026 13.579391 0.109449 0.993981 -0.004676 -9.281184 -0.003490 0.005089 0.999981 -0.042330
0.949274 0.314048 0.015889 13.690342 -0.313974 0.949406 -0.007016 -9.291067 -0.017289 0.001671 0.999849 -0.043659
0.774242 0.632776 0.011983 13.784651 -0.632759 0.774328 -0.005628 -9.340767 -0.012840 -0.003225 0.999912 -0.045545
0.544086 0.838972 0.009817 13.853984 -0.839021 0.543991 0.010883 -9.418221 0.003791 -0.014158 0.999893 -0.046084
0.227344 0.973756 0.010676 13.873837 -0.973808 0.227289 0.006163 -9.454151 0.003575 -0.011798 0.999924 -0.045926
0.280822 0.959702 0.010520 13.874557 -0.959753 0.280763 0.006735 -9.452250 0.003510 -0.011988 0.999922 -0.045945
0.366644 0.930299 0.010713 13.875380 -0.930359 0.366595 0.006368 -9.454433 0.001997 -0.012301 0.999922 -0.045941
0.535400 0.844516 0.011765 13.875643 -0.844598 0.535350 0.007354 -9.454324 -0.000088 -0.013874 0.999904 -0.045944
0.645533 0.763646 0.011461 13.875584 -0.763731 0.645488 0.007789 -9.454130 -0.001450 -0.013781 0.999904 -0.045945
0.737579 0.675165 0.011381 13.875129 -0.675256 0.737532 0.008746 -9.453674 -0.002489 -0.014136 0.999897 -0.045943
0.733085 0.680037 0.011639 13.875106 -0.680131 0.733044 0.008337 -9.453666 -0.002863 -0.014028 0.999898 -0.045943
0.733106 0.680013 0.011722 13.875105 -0.680108 0.733064 0.008357 -9.453670 -0.002910 -0.014099 0.999896 -0.045943
0.733142 0.679985 0.011067 13.875105 -0.680072 0.733091 0.008934 -9.453676 -0.002038 -0.014076 0.999899 -0.045943
0.733194 0.679941 0.010344 13.875105 -0.680019 0.733134 0.009431 -9.453686 -0.001171 -0.013949 0.999902 -0.045943
0.733209 0.679934 0.009732 13.875105 -0.680003 0.733145 0.009702 -9.453689 -0.000539 -0.013731 0.999906 -0.045942
0.733212 0.679941 0.008987 13.875105 -0.680000 0.733140 0.010239 -9.453690 0.000373 -0.013619 0.999907 -0.045942
0.733266 0.679890 0.008470 13.875105 -0.679942 0.733189 0.010620 -9.453700 0.001011 -0.013547 0.999908 -0.045942
0.733326 0.679827 0.008282 13.875105 -0.679876 0.733247 0.010814 -9.453712 0.001279 -0.013561 0.999907 -0.045942
0.733401 0.679748 0.008045 13.875105 -0.679794 0.733322 0.010897 -9.453728 0.001508 -0.013461 0.999908 -0.045942
0.733449 0.679696 0.008050 13.875105 -0.679742 0.733370 0.010916 -9.453738 0.001516 -0.013479 0.999908 -0.045942
0.733499 0.679642 0.008063 13.875105 -0.679688 0.733419 0.010945 -9.453749 0.001525 -0.013509 0.999908 -0.045942
0.733551 0.679586 0.008107 13.875105 -0.679633 0.733471 0.010927 -9.453761 0.001480 -0.013525 0.999907 -0.045942
0.733598 0.679535 0.008156 13.875105 -0.679582 0.733518 0.010912 -9.453773 0.001432 -0.013548 0.999907 -0.045942
0.733645 0.679483 0.008229 13.875105 -0.679531 0.733566 0.010884 -9.453784 0.001359 -0.013577 0.999907 -0.045941
0.733692 0.679433 0.008174 13.875105 -0.679481 0.733611 0.010952 -9.453795 0.001444 -0.013589 0.999907 -0.045941
0.733723 0.679400 0.008160 13.875105 -0.679447 0.733643 0.010957 -9.453803 0.001458 -0.013583 0.999907 -0.045941
0.733723 0.679400 0.008160 13.875105 -0.679447 0.733643 0.010957 -9.453803 0.001458 -0.013583 0.999907 -0.045941
0.733841 0.679273 0.008120 13.875104 -0.679320 0.733759 0.011054 -9.453827 0.001550 -0.013628 0.999906 -0.045941
0.733875 0.679236 0.008125 13.875104 -0.679282 0.733794 0.011050 -9.453835 0.001543 -0.013629 0.999906 -0.045941
0.733875 0.679236 0.008125 13.875104 -0.679282 0.733794 0.011050 -9.453835 0.001543 -0.013629 0.999906 -0.045941
0.733875 0.679236 0.008125 13.875104 -0.679282 0.733794 0.011050 -9.453835 0.001543 -0.013629 0.999906 -0.045941
0.734025 0.679076 0.007969 13.875103 -0.679121 0.733944 0.010978 -9.453865 0.001606 -0.013470 0.999908 -0.045941
0.734081 0.679016 0.007951 13.875103 -0.679060 0.734000 0.010990 -9.453876 0.001626 -0.013467 0.999908 -0.045940
0.734131 0.678961 0.007902 13.875103 -0.679005 0.734052 0.010943 -9.453889 0.001630 -0.013399 0.999909 -0.045940
0.734176 0.678914 0.007892 13.875103 -0.678958 0.734097 0.010880 -9.453900 0.001593 -0.013347 0.999910 -0.045940
0.734223 0.678863 0.007822 13.875103 -0.678906 0.734143 0.010978 -9.453913 0.001710 -0.013371 0.999909 -0.045940
0.734267 0.678816 0.007771 13.875103 -0.678858 0.734186 0.011055 -9.453924 0.001799 -0.013393 0.999909 -0.045940
