0.999942 0.010728 0.000000 0.479338 -0.010728 0.999942 -0.000000 0.213508 -0.000000 0.000000 1.000000 0.000000
0.999942 0.010728 0.000000 0.479338 -0.010728 0.999942 -0.000000 0.213508 -0.000000 0.000000 1.000000 0.000000
0.999942 0.010728 0.000000 0.479338 -0.010728 0.999942 -0.000000 0.213508 -0.000000 0.000000 1.000000 0.000000
0.991328 0.131413 0.000000 0.860583 -0.131413 0.991328 -0.000000 0.248709 -0.000000 0.000000 1.000000 0.000000
0.991328 0.131413 0.000000 0.860583 -0.131413 0.991328 -0.000000 0.248709 -0.000000 0.000000 1.000000 0.000000
0.984207 0.177022 0.000000 1.192338 -0.177022 0.984207 -0.000000 0.216614 -0.000000 0.000000 1.000000 0.000000
0.984207 0.177022 0.000000 1.192338 -0.177022 0.984207 -0.000000 0.216614 -0.000000 0.000000 1.000000 0.000000
0.984207 0.177022 0.000000 1.192338 -0.177022 0.984207 -0.000000 0.216614 -0.000000 0.000000 1.000000 0.000000
0.995690 0.092746 0.000000 1.533212 -0.092746 0.995690 -0.000000 0.200672 -0.000000 0.000000 1.000000 0.000000
0.995690 0.092746 0.000000 1.533212 -0.092746 0.995690 -0.000000 0.200672 -0.000000 0.000000 1.000000 0.000000
0.995690 0.092746 0.000000 1.533212 -0.092746 0.995690 -0.000000 0.200672 -0.000000 0.000000 1.000000 0.000000
0.998583 -0.053220 0.000000 1.841486 0.053220 0.998583 0.000000 0.204241 0.000000 0.000000 1.000000 0.000000
0.998583 -0.053220 0.000000 1.841486 0.053220 0.998583 0.000000 0.204241 0.000000 0.000000 1.000000 0.000000
0.998583 -0.053220 0.000000 1.841486 0.053220 0.998583 0.000000 0.204241 0.000000 0.000000 1.000000 0.000000
0.984669 0.174432 0.000000 1.891734 -0.174432 0.984669 -0.000000 0.193729 -0.000000 0.000000 1.000000 0.000000
0.984669 0.174432 0.000000 1.891734 -0.174432 0.984669 -0.000000 0.193729 -0.000000 0.000000 1.000000 0.000000
0.984669 0.174432 0.000000 1.891734 -0.174432 0.984669 -0.000000 0.193729 -0.000000 0.000000 1.000000 0.000000
0.984669 0.174432 0.000000 1.891734 -0.174432 0.984669 -0.000000 0.193729 -0.000000 0.000000 1.000000 0.000000
0.999884 -0.015228 0.000000 1.970925 0.015228 0.999884 0.000000 0.186540 0.000000 0.000000 1.000000 0.000000
0.999884 -0.015228 0.000000 1.970925 0.015228 0.999884 0.000000 0.186540 0.000000 0.000000 1.000000 0.000000
0.981236 0.192810 0.000000 2.009356 -0.192810 0.981236 -0.000000 0.201121 -0.000000 0.000000 1.000000 0.000000
0.981236 0.192810 0.000000 2.009356 -0.192810 0.981236 -0.000000 0.201121 -0.000000 0.000000 1.000000 0.000000
0.981236 0.192810 0.000000 2.009356 -0.192810 0.981236 -0.000000 0.201121 -0.000000 0.000000 1.000000 0.000000
0.919226 0.393730 0.000000 2.048914 -0.393730 0.919226 -0.000000 0.162474 -0.000000 0.000000 1.000000 0.000000
0.919226 0.393730 0.000000 2.048914 -0.393730 0.919226 -0.000000 0.162474 -0.000000 0.000000 1.000000 0.000000
0.919226 0.393730 0.000000 2.048914 -0.393730 0.919226 -0.000000 0.162474 -0.000000 0.000000 1.000000 0.000000
0.980656 0.195738 0.000000 2.073893 -0.195738 0.980656 -0.000000 0.162116 -0.000000 0.000000 1.000000 0.000000
0.998938 -0.046066 0.000000 2.096333 0.046066 0.998938 0.000000 0.150625 0.000000 0.000000 1.000000 0.000000
0.998938 -0.046066 0.000000 2.096333 0.046066 0.998938 0.000000 0.150625 0.000000 0.000000 1.000000 0.000000
0.998938 -0.046066 0.000000 2.096333 0.046066 0.998938 0.000000 0.150625 0.000000 0.000000 1.000000 0.000000
0.998938 -0.046066 0.000000 2.096333 0.046066 0.998938 0.000000 0.150625 0.000000 0.000000 1.000000 0.000000
0.998938 -0.046066 0.000000 2.096333 0.046066 0.998938 0.000000 0.150625 0.000000 0.000000 1.000000 0.000000
0.998938 -0.046066 0.000000 2.096333 0.046066 0.998938 0.000000 0.150625 0.000000 0.000000 1.000000 0.000000
0.998938 -0.046066 0.000000 2.096333 0.046066 0.998938 0.000000 0.150625 0.000000 0.000000 1.000000 0.000000
0.985433 0.170061 0.000000 2.234557 -0.170061 0.985433 -0.000000 0.135403 -0.000000 0.000000 1.000000 0.000000
0.985433 0.170061 0.000000 2.234557 -0.170061 0.985433 -0.000000 0.135403 -0.000000 0.000000 1.000000 0.000000
0.985433 0.170061 0.000000 2.234557 -0.170061 0.985433 -0.000000 0.135403 -0.000000 0.000000 1.000000 0.000000
0.985433 0.170061 0.000000 2.234557 -0.170061 0.985433 -0.000000 0.135403 -0.000000 0.000000 1.000000 0.000000
0.979157 -0.203106 0.000000 2.614444 0.203106 0.979157 0.000000 0.063388 0.000000 0.000000 1.000000 0.000000
0.921991 -0.387212 0.000000 2.708279 0.387212 0.921991 0.000000 0.053594 0.000000 0.000000 1.000000 0.000000
0.822013 -0.569469 0.000000 2.800343 0.569469 0.822013 0.000000 0.072680 0.000000 0.000000 1.000000 0.000000
0.678226 -0.734854 0.000000 2.878110 0.734854 0.678226 0.000000 0.114300 0.000000 0.000000 1.000000 0.000000
0.501248 -0.865304 0.000000 2.953123 0.865304 0.501248 0.000000 0.195283 0.000000 0.000000 1.000000 0.000000
0.276041 -0.961146 0.000000 2.993742 0.961146 0.276041 0.000000 0.322471 0.000000 0.000000 1.000000 0.000000
0.050306 -0.998734 0.000000 3.015452 0.998734 0.050306 0.000000 0.493653 0.000000 0.000000 1.000000 0.000000
0.050306 -0.998734 0.000000 3.015452 0.998734 0.050306 0.000000 0.493653 0.000000 0.000000 1.000000 0.000000
0.050306 -0.998734 0.000000 3.015452 0.998734 0.050306 0.000000 0.493653 0.000000 0.000000 1.000000 0.000000
-0.096380 -0.995345 0.000000 2.997610 0.995345 -0.096380 0.000000 0.814026 0.000000 0.000000 1.000000 0.000000
-0.096380 -0.995345 0.000000 2.997610 0.995345 -0.096380 0.000000 0.814026 0.000000 0.000000 1.000000 0.000000
-0.096380 -0.995345 0.000000 2.997610 0.995345 -0.096380 0.000000 0.814026 0.000000 0.000000 1.000000 0.000000
-0.096380 -0.995345 0.000000 2.997610 0.995345 -0.096380 0.000000 0.814026 0.000000 0.000000 1.000000 0.000000
-0.096380 -0.995345 0.000000 2.997610 0.995345 -0.096380 0.000000 0.814026 0.000000 0.000000 1.000000 0.000000
-0.096380 -0.995345 0.000000 2.997610 0.995345 -0.096380 0.000000 0.814026 0.000000 0.000000 1.000000 0.000000
-0.096380 -0.995345 0.000000 2.997610 0.995345 -0.096380 0.000000 0.814026 0.000000 0.000000 1.000000 0.000000
-0.096380 -0.995345 0.000000 2.997610 0.995345 -0.096380 0.000000 0.814026 0.000000 0.000000 1.000000 0.000000
-0.239333 -0.970938 0.000000 2.952431 0.970938 -0.239333 0.000000 1.046078 0.000000 0.000000 1.000000 0.000000
-0.239333 -0.970938 0.000000 2.952431 0.970938 -0.239333 0.000000 1.046078 0.000000 0.000000 1.000000 0.000000
-0.024097 -0.999710 0.000000 2.955212 0.999710 -0.024097 0.000000 1.066691 0.000000 0.000000 1.000000 0.000000
-0.024097 -0.999710 0.000000 2.955212 0.999710 -0.024097 0.000000 1.066691 0.000000 0.000000 1.000000 0.000000
-0.024097 -0.999710 0.000000 2.955212 0.999710 -0.024097 0.000000 1.066691 0.000000 0.000000 1.000000 0.000000
-0.024097 -0.999710 0.000000 2.955212 0.999710 -0.024097 0.000000 1.066691 0.000000 0.000000 1.000000 0.000000
-0.024097 -0.999710 0.000000 2.955212 0.999710 -0.024097 0.000000 1.066691 0.000000 0.000000 1.000000 0.000000
-0.024097 -0.999710 0.000000 2.955212 0.999710 -0.024097 0.000000 1.066691 0.000000 0.000000 1.000000 0.000000
0.183011 -0.983111 0.000000 2.952184 0.983111 0.183011 0.000000 1.105926 0.000000 0.000000 1.000000 0.000000
0.183011 -0.983111 0.000000 2.952184 0.983111 0.183011 0.000000 1.105926 0.000000 0.000000 1.000000 0.000000
0.183011 -0.983111 0.000000 2.952184 0.983111 0.183011 0.000000 1.105926 0.000000 0.000000 1.000000 0.000000
0.183011 -0.983111 0.000000 2.952184 0.983111 0.183011 0.000000 1.105926 0.000000 0.000000 1.000000 0.000000
0.183011 -0.983111 0.000000 2.952184 0.983111 0.183011 0.000000 1.105926 0.000000 0.000000 1.000000 0.000000
0.183011 -0.983111 0.000000 2.952184 0.983111 0.183011 0.000000 1.105926 0.000000 0.000000 1.000000 0.000000
0.183011 -0.983111 0.000000 2.952184 0.983111 0.183011 0.000000 1.105926 0.000000 0.000000 1.000000 0.000000
0.183011 -0.983111 0.000000 2.952184 0.983111 0.183011 0.000000 1.105926 0.000000 0.000000 1.000000 0.000000
-0.022115 -0.999755 0.000000 2.968339 0.999755 -0.022115 0.000000 1.372292 0.000000 0.000000 1.000000 0.000000
-0.214728 -0.976674 0.000000 2.952351 0.976674 -0.214728 0.000000 1.576725 0.000000 0.000000 1.000000 0.000000
-0.214728 -0.976674 0.000000 2.952351 0.976674 -0.214728 0.000000 1.576725 0.000000 0.000000 1.000000 0.000000
-0.423882 -0.905717 0.000000 2.914120 0.905717 -0.423882 0.000000 1.718698 0.000000 0.000000 1.000000 0.000000
-0.605408 -0.795915 0.000000 2.854922 0.795915 -0.605408 0.000000 1.818603 0.000000 0.000000 1.000000 0.000000
-0.787238 -0.616649 0.000000 2.772690 0.616649 -0.787238 0.000000 1.918807 0.000000 0.000000 1.000000 0.000000
-0.911038 -0.412322 0.000000 2.632090 0.412322 -0.911038 0.000000 2.031437 0.000000 0.000000 1.000000 0.000000
-0.980136 -0.198326 0.000000 2.479883 0.198326 -0.980136 0.000000 2.094114 0.000000 0.000000 1.000000 0.000000
-0.980136 -0.198326 0.000000 2.479883 0.198326 -0.980136 0.000000 2.094114 0.000000 0.000000 1.000000 0.000000
-0.980136 -0.198326 0.000000 2.479883 0.198326 -0.980136 0.000000 2.094114 0.000000 0.000000 1.000000 0.000000
-0.999873 -0.015959 0.000000 2.155470 0.015959 -0.999873 0.000000 2.135874 0.000000 0.000000 1.000000 0.000000
-0.999873 -0.015959 0.000000 2.155470 0.015959 -0.999873 0.000000 2.135874 0.000000 0.000000 1.000000 0.000000
-0.999873 -0.015959 0.000000 2.155470 0.015959 -0.999873 0.000000 2.135874 0.000000 0.000000 1.000000 0.000000
-0.984076 -0.177746 0.000000 1.791561 0.177746 -0.984076 0.000000 2.175435 0.000000 0.000000 1.000000 0.000000
-0.918735 -0.394876 0.000000 1.636777 0.394876 -0.918735 0.000000 2.221620 0.000000 0.000000 1.000000 0.000000
-0.822271 -0.569096 0.000000 1.540535 0.569096 -0.822271 0.000000 2.283619 0.000000 0.000000 1.000000 0.000000
-0.650441 -0.759557 0.000000 1.451082 0.759557 -0.650441 0.000000 2.382825 0.000000 0.000000 1.000000 0.000000
-0.650441 -0.759557 0.000000 1.451082 0.759557 -0.650441 0.000000 2.382825 0.000000 0.000000 1.000000 0.000000
-0.650441 -0.759557 0.000000 1.451082 0.759557 -0.650441 0.000000 2.382825 0.000000 0.000000 1.000000 0.000000
-0.475575 -0.879675 0.000000 1.325104 0.879675 -0.475575 0.000000 2.617758 0.000000 0.000000 1.000000 0.000000
-0.475575 -0.879675 0.000000 1.325104 0.879675 -0.475575 0.000000 2.617758 0.000000 0.000000 1.000000 0.000000
-0.282266 -0.959336 0.000000 1.233901 0.959336 -0.282266 0.000000 2.829181 0.000000 0.000000 1.000000 0.000000
-0.062903 -0.998020 0.000000 1.204729 0.998020 -0.062903 0.000000 3.007007 0.000000 0.000000 1.000000 0.000000
-0.062903 -0.998020 0.000000 1.204729 0.998020 -0.062903 0.000000 3.007007 0.000000 0.000000 1.000000 0.000000
0.172723 -0.984970 0.000000 1.236881 0.984970 0.172723 0.000000 3.230397 0.000000 0.000000 1.000000 0.000000
0.172723 -0.984970 0.000000 1.236881 0.984970 0.172723 0.000000 3.230397 0.000000 0.000000 1.000000 0.000000
0.172723 -0.984970 0.000000 1.236881 0.984970 0.172723 0.000000 3.230397 0.000000 0.000000 1.000000 0.000000
0.261582 -0.965181 0.000000 1.350316 0.965181 0.261582 0.000000 3.548776 0.000000 0.000000 1.000000 0.000000
0.261582 -0.965181 0.000000 1.350316 0.965181 0.261582 0.000000 3.548776 0.000000 0.000000 1.000000 0.000000
0.261582 -0.965181 0.000000 1.350316 0.965181 0.261582 0.000000 3.548776 0.000000 0.000000 1.000000 0.000000
0.099602 -0.995027 0.000000 1.415612 0.995027 0.099602 0.000000 3.884452 0.000000 0.000000 1.000000 0.000000
0.099602 -0.995027 0.000000 1.415612 0.995027 0.099602 0.000000 3.884452 0.000000 0.000000 1.000000 0.000000
0.099602 -0.995027 0.000000 1.415612 0.995027 0.099602 0.000000 3.884452 0.000000 0.000000 1.000000 0.000000
-0.374370 -0.927279 0.000000 1.455144 0.927279 -0.374370 0.000000 4.151043 0.000000 0.000000 1.000000 0.000000
-0.706359 -0.707854 0.000000 1.497475 0.707854 -0.706359 0.000000 4.214370 0.000000 0.000000 1.000000 0.000000
-0.958002 -0.286763 0.000000 1.461492 0.286763 -0.958002 0.000000 4.223927 0.000000 0.000000 1.000000 0.000000
-0.987867 0.155301 0.000000 1.439957 -0.155301 -0.987867 -0.000000 4.197682 -0.000000 0.000000 1.000000 0.000000
-0.929728 0.368247 0.000000 1.405178 -0.368247 -0.929728 -0.000000 4.180856 -0.000000 0.000000 1.000000 0.000000
-0.674594 0.738189 0.000000 1.332547 -0.738189 -0.674594 -0.000000 4.135657 -0.000000 0.000000 1.000000 0.000000
-0.227220 0.973843 0.000000 1.312802 -0.973843 -0.227220 -0.000000 4.113824 -0.000000 0.000000 1.000000 0.000000
0.327538 0.944838 0.000000 1.297268 -0.944838 0.327538 -0.000000 4.112605 -0.000000 0.000000 1.000000 0.000000
0.721505 0.692410 0.000000 1.322281 -0.692410 0.721505 -0.000000 4.107368 -0.000000 0.000000 1.000000 0.000000
0.965908 0.258885 0.000000 1.313883 -0.258885 0.965908 -0.000000 4.114629 -0.000000 0.000000 1.000000 0.000000
0.984731 -0.174086 0.000000 1.365688 0.174086 0.984731 0.000000 4.128683 0.000000 0.000000 1.000000 0.000000
0.825278 -0.564727 0.000000 1.441126 0.564727 0.825278 0.000000 4.187580 0.000000 0.000000 1.000000 0.000000
0.825278 -0.564727 0.000000 1.441126 0.564727 0.825278 0.000000 4.187580 0.000000 0.000000 1.000000 0.000000
0.955018 -0.296547 0.000000 1.442859 0.296547 0.955018 0.000000 4.196583 0.000000 0.000000 1.000000 0.000000
0.983147 0.182816 0.000000 1.429102 -0.182816 0.983147 -0.000000 4.220790 -0.000000 0.000000 1.000000 0.000000
0.752350 0.658763 0.000000 1.450239 -0.658763 0.752350 -0.000000 4.193945 -0.000000 0.000000 1.000000 0.000000
0.379466 0.925206 0.000000 1.485898 -0.925206 0.379466 -0.000000 4.132602 -0.000000 0.000000 1.000000 0.000000
0.131404 0.991329 0.000000 1.497601 -0.991329 0.131404 -0.000000 4.078813 -0.000000 0.000000 1.000000 0.000000
-0.106132 0.994352 0.000000 1.520401 -0.994352 -0.106132 -0.000000 4.039431 -0.000000 0.000000 1.000000 0.000000
-0.311934 0.950104 0.000000 1.513941 -0.950104 -0.311934 -0.000000 4.010721 -0.000000 0.000000 1.000000 0.000000
-0.311934 0.950104 0.000000 1.513941 -0.950104 -0.311934 -0.000000 4.010721 -0.000000 0.000000 1.000000 0.000000
-0.311934 0.950104 0.000000 1.513941 -0.950104 -0.311934 -0.000000 4.010721 -0.000000 0.000000 1.000000 0.000000
-0.754537 0.656258 0.000000 1.494392 -0.656258 -0.754537 -0.000000 3.963128 -0.000000 0.000000 1.000000 0.000000
-0.972666 0.232207 0.000000 1.461972 -0.232207 -0.972666 -0.000000 3.948973 -0.000000 0.000000 1.000000 0.000000
-0.960605 -0.277919 0.000000 1.405853 0.277919 -0.960605 0.000000 3.964445 0.000000 0.000000 1.000000 0.000000
-0.700884 -0.713275 0.000000 1.343389 0.713275 -0.700884 0.000000 4.004720 0.000000 0.000000 1.000000 0.000000
-0.326206 -0.945299 0.000000 1.278927 0.945299 -0.326206 0.000000 4.105155 0.000000 0.000000 1.000000 0.000000
-0.035947 -0.999354 0.000000 1.260851 0.999354 -0.035947 0.000000 4.192396 0.000000 0.000000 1.000000 0.000000
0.265714 -0.964052 0.000000 1.270894 0.964052 0.265714 0.000000 4.263179 0.000000 0.000000 1.000000 0.000000
0.675214 -0.737622 0.000000 1.317583 0.737622 0.675214 0.000000 4.355345 0.000000 0.000000 1.000000 0.000000
0.675214 -0.737622 0.000000 1.317583 0.737622 0.675214 0.000000 4.355345 0.000000 0.000000 1.000000 0.000000
0.675214 -0.737622 0.000000 1.317583 0.737622 0.675214 0.000000 4.355345 0.000000 0.000000 1.000000 0.000000
0.487980 -0.872855 0.000000 1.319031 0.872855 0.487980 0.000000 4.336536 0.000000 0.000000 1.000000 0.000000
0.487980 -0.872855 0.000000 1.319031 0.872855 0.487980 0.000000 4.336536 0.000000 0.000000 1.000000 0.000000
0.281840 -0.959462 0.000000 1.311696 0.959462 0.281840 0.000000 4.349169 0.000000 0.000000 1.000000 0.000000
0.281840 -0.959462 0.000000 1.311696 0.959462 0.281840 0.000000 4.349169 0.000000 0.000000 1.000000 0.000000
0.281840 -0.959462 0.000000 1.311696 0.959462 0.281840 0.000000 4.349169 0.000000 0.000000 1.000000 0.000000
0.281840 -0.959462 0.000000 1.311696 0.959462 0.281840 0.000000 4.349169 0.000000 0.000000 1.000000 0.000000
0.281840 -0.959462 0.000000 1.311696 0.959462 0.281840 0.000000 4.349169 0.000000 0.000000 1.000000 0.000000
0.281840 -0.959462 0.000000 1.311696 0.959462 0.281840 0.000000 4.349169 0.000000 0.000000 1.000000 0.000000
0.281840 -0.959462 0.000000 1.311696 0.959462 0.281840 0.000000 4.349169 0.000000 0.000000 1.000000 0.000000
0.281840 -0.959462 0.000000 1.311696 0.959462 0.281840 0.000000 4.349169 0.000000 0.000000 1.000000 0.000000
0.281840 -0.959462 0.000000 1.311696 0.959462 0.281840 0.000000 4.349169 0.000000 0.000000 1.000000 0.000000
0.281840 -0.959462 0.000000 1.311696 0.959462 0.281840 0.000000 4.349169 0.000000 0.000000 1.000000 0.000000
0.281840 -0.959462 0.000000 1.311696 0.959462 0.281840 0.000000 4.349169 0.000000 0.000000 1.000000 0.000000
0.281840 -0.959462 0.000000 1.311696 0.959462 0.281840 0.000000 4.349169 0.000000 0.000000 1.000000 0.000000
0.281840 -0.959462 0.000000 1.311696 0.959462 0.281840 0.000000 4.349169 0.000000 0.000000 1.000000 0.000000
0.281840 -0.959462 0.000000 1.311696 0.959462 0.281840 0.000000 4.349169 0.000000 0.000000 1.000000 0.000000
0.281840 -0.959462 0.000000 1.311696 0.959462 0.281840 0.000000 4.349169 0.000000 0.000000 1.000000 0.000000
0.281840 -0.959462 0.000000 1.311696 0.959462 0.281840 0.000000 4.349169 0.000000 0.000000 1.000000 0.000000
0.281840 -0.959462 0.000000 1.311696 0.959462 0.281840 0.000000 4.349169 0.000000 0.000000 1.000000 0.000000
0.281840 -0.959462 0.000000 1.311696 0.959462 0.281840 0.000000 4.349169 0.000000 0.000000 1.000000 0.000000
0.281840 -0.959462 0.000000 1.311696 0.959462 0.281840 0.000000 4.349169 0.000000 0.000000 1.000000 0.000000
0.281840 -0.959462 0.000000 1.311696 0.959462 0.281840 0.000000 4.349169 0.000000 0.000000 1.000000 0.000000
0.281840 -0.959462 0.000000 1.311696 0.959462 0.281840 0.000000 4.349169 0.000000 0.000000 1.000000 0.000000
0.281840 -0.959462 0.000000 1.311696 0.959462 0.281840 0.000000 4.349169 0.000000 0.000000 1.000000 0.000000
0.281840 -0.959462 0.000000 1.311696 0.959462 0.281840 0.000000 4.349169 0.000000 0.000000 1.000000 0.000000
0.281840 -0.959462 0.000000 1.311696 0.959462 0.281840 0.000000 4.349169 0.000000 0.000000 1.000000 0.000000
0.281840 -0.959462 0.000000 1.311696 0.959462 0.281840 0.000000 4.349169 0.000000 0.000000 1.000000 0.000000
0.281840 -0.959462 0.000000 1.311696 0.959462 0.281840 0.000000 4.349169 0.000000 0.000000 1.000000 0.000000
0.281840 -0.959462 0.000000 1.311696 0.959462 0.281840 0.000000 4.349169 0.000000 0.000000 1.000000 0.000000
0.281840 -0.959462 0.000000 1.311696 0.959462 0.281840 0.000000 4.349169 0.000000 0.000000 1.000000 0.000000
